ObjectType = Image
NDims = 4
AnatomicalOrientation = RAI
BinaryData = True
BinaryDataByteOrderMSB = False
CenterOfRotation = 0 0 0
CompressedData = True
CompressedDataSize = 2564842          
DimSize = 112 48 112 22                              
ElementNumberOfChannels = 1
ElementSpacing = 1 1 1
ElementType = MET_UCHAR
Offset = 0 0 0
TransformMatrix = 1 0 0 0 1 0 0 0 1
UltrasoundImageOrientation = MF
UltrasoundImageType = BRIGHTNESS
Seq_Frame0000_ProbeToTrackerTransform = -0.4190765198524532 0.8701096672613008 0.259391668036552 93.41370663711894 -0.7467509389636796 -0.4928150279080681 0.4466501801464241 -106.0037066371189 0.5164667517519587 -0.006520368578415468 0.8562824178554541 -172.9316460982123 0 0 0 1
Seq_Frame0000_ProbeToTrackerTransformStatus = OK
Seq_Frame0000_ReferenceToTrackerTransform = 0.6239691989843919 -0.688752817575228 0.3691639134598093 -83.37000000000001 -0.2866075033336279 0.2377859078790343 0.9280700410243874 245.4624412107781 -0.7269928319809221 -0.684892267656986 -0.0490306429901803 -125.6951175784437 0 0 0 1
Seq_Frame0000_ReferenceToTrackerTransformStatus = OK
Seq_Frame0000_StylusToTrackerTransform = -0.6761219785528578 -0.6909075143806285 0.2559411586481366 -99.06 -0.1584153623261313 -0.2029305663907159 -0.9662938260195103 -74.58 0.7195579497836497 -0.6938775048931366 0.02775545183248895 -123.23 0 0 0 1
Seq_Frame0000_StylusToTrackerTransformStatus = OK
Seq_Frame0000_Timestamp = 174.9570714285715
Seq_Frame0000_ImageStatus = OK
Seq_Frame0001_ProbeToTrackerTransform = -0.4183863544198314 0.870872035617749 0.257943319382925 91.79483297839617 -0.7464731127679247 -0.4914856870633073 0.4485752014171916 -105.2639331913585 0.5174270483361384 -0.004870009333382621 0.8557134641100633 -173.1186518203019 0 0 0 1
Seq_Frame0001_ProbeToTrackerTransformStatus = OK
Seq_Frame0001_ReferenceToTrackerTransform = 0.6242731150826484 -0.6885296022503895 0.3690664772231783 -83.38 -0.2867482565508996 0.2374942597996884 0.928101241205515 245.4348314775377 -0.7266763482803234 -0.6852178218545679 -0.04917338164958432 -125.72 0 0 0 1
Seq_Frame0001_ReferenceToTrackerTransformStatus = OK
Seq_Frame0001_StylusToTrackerTransform = -0.6760885667457453 -0.6909651141662049 0.2558739160621256 -99.07000000000001 -0.1583408321425913 -0.2029065871788398 -0.9663110771153499 -74.58 0.7196057467753269 -0.6938271599503146 0.02777483255043489 -123.23 0 0 0 1
Seq_Frame0001_StylusToTrackerTransformStatus = OK
Seq_Frame0001_Timestamp = 175.0493142857143
Seq_Frame0001_ImageStatus = OK
Seq_Frame0002_ProbeToTrackerTransform = -0.4230682740730408 0.8729408892036622 0.2428732991277101 86.94754272270421 -0.7472836643734 -0.4877346454954053 0.4513114673306395 -104.1020765841355 0.5124259560497712 0.009440314602333126 0.8586795211408542 -173.1336334653578 0 0 0 1
Seq_Frame0002_ProbeToTrackerTransformStatus = OK
Seq_Frame0002_ReferenceToTrackerTransform = 0.624023336682089 -0.6889565888522931 0.3686918685747824 -83.39 -0.2867814105865955 0.2369810745906522 0.9282221678175018 245.4313129702977 -0.7268777736443142 -0.6849662684854431 -0.04969822148742394 -125.6993435148512 0 0 0 1
Seq_Frame0002_ReferenceToTrackerTransformStatus = OK
Seq_Frame0002_StylusToTrackerTransform = -0.6760573262623868 -0.6910189534305473 0.2558110584136341 -99.07000000000001 -0.158271162731317 -0.2028841662972922 -0.9663271982685419 -74.58 0.7196504225348789 -0.6937800956107084 0.02779295377909019 -123.24 0 0 0 1
Seq_Frame0002_StylusToTrackerTransformStatus = OK
Seq_Frame0002_Timestamp = 175.1413142857142
Seq_Frame0002_ImageStatus = OK
Seq_Frame0003_ProbeToTrackerTransform = -0.4265956598607495 0.8741186296984391 0.232234287309378 83.89374342036328 -0.7459796714050222 -0.4852434555363429 0.4561284015599164 -103.0226381578182 0.5114005014061159 0.02134033910865213 0.8590774802590862 -173.6888947374549 0 0 0 1
Seq_Frame0003_ProbeToTrackerTransformStatus = OK
Seq_Frame0003_ReferenceToTrackerTransform = 0.6237276836491112 -0.689235994377446 0.36866993463564 -83.39 -0.2866311913573406 0.2371202346938311 0.9282330280914453 245.453680921091 -0.7271907155559576 -0.6846369390803241 -0.04965807946285177 -125.6763190789091 0 0 0 1
Seq_Frame0003_ReferenceToTrackerTransformStatus = OK
Seq_Frame0003_StylusToTrackerTransform = -0.6761219785528578 -0.6909075143806285 0.2559411586481366 -99.07000000000001 -0.1584153623261313 -0.2029305663907159 -0.9662938260195103 -74.58 0.7195579497836497 -0.6938775048931366 0.02775545183248895 -123.24 0 0 0 1
Seq_Frame0003_StylusToTrackerTransformStatus = OK
Seq_Frame0003_Timestamp = 175.2332714285714
Seq_Frame0003_ImageStatus = OK
Seq_Frame0004_ProbeToTrackerTransform = -0.4262249306519037 0.8732535060582596 0.236136872698308 84.68752820782225 -0.7460909228298085 -0.4869562396612649 0.4541166761152086 -103.2926435438093 0.511547303151668 0.01737627151945221 0.8590794036795072 -173.8464943584356 0 0 0 1
Seq_Frame0004_ProbeToTrackerTransformStatus = OK
Seq_Frame0004_ReferenceToTrackerTransform = 0.6238314146191004 -0.6889300904985419 0.3690659785729417 -83.37000000000001 -0.2866553903163465 0.2376213995313892 0.9280973858854074 245.47 -0.7270921903974179 -0.6847710572814938 -0.0492498301790985 -125.67 0 0 0 1
Seq_Frame0004_ReferenceToTrackerTransformStatus = OK
Seq_Frame0004_StylusToTrackerTransform = -0.6761219785528578 -0.6909075143806285 0.2559411586481366 -99.06304596741495 -0.1584153623261313 -0.2029305663907159 -0.9662938260195103 -74.58 0.7195579497836497 -0.6938775048931366 0.02775545183248895 -123.233045967415 0 0 0 1
Seq_Frame0004_StylusToTrackerTransformStatus = OK
Seq_Frame0004_Timestamp = 175.3249857142857
Seq_Frame0004_ImageStatus = OK
Seq_Frame0005_ProbeToTrackerTransform = -0.4227189261784597 0.8725513608229142 0.244873094023436 86.74823368698164 -0.7469422389789685 -0.4884604498724341 0.4510916542560999 -103.9838233686982 0.5132114584453619 0.007778922579630864 0.858226943927936 -173.8917652201659 0 0 0 1
Seq_Frame0005_ProbeToTrackerTransformStatus = OK
Seq_Frame0005_ReferenceToTrackerTransform = 0.6241684622130689 -0.6884129617772468 0.3694608569735801 -83.36 -0.2867327666888604 0.2380499824328318 0.9279636449617412 245.4532353262604 -0.7267723517619013 -0.685142174968676 -0.04880726168991399 -125.7 0 0 0 1
Seq_Frame0005_ReferenceToTrackerTransformStatus = OK
Seq_Frame0005_StylusToTrackerTransform = -0.6761219785528578 -0.6909075143806285 0.2559411586481366 -99.06676467373964 -0.1584153623261314 -0.2029305663907159 -0.9662938260195103 -74.58 0.7195579497836497 -0.6938775048931366 0.02775545183248895 -123.23 0 0 0 1
Seq_Frame0005_StylusToTrackerTransformStatus = OK
Seq_Frame0005_Timestamp = 175.4163571428571
Seq_Frame0005_ImageStatus = OK
Seq_Frame0006_ProbeToTrackerTransform = -0.4200063697811362 0.8710543108981838 0.2546743740719935 89.35403926815224 -0.7451391684921809 -0.4911866234482977 0.4511134231257605 -104.1427421951167 0.5180369377969613 -0.0002973401256795137 0.8553581955337758 -174.2806404878985 0 0 0 1
Seq_Frame0006_ProbeToTrackerTransformStatus = OK
Seq_Frame0006_ReferenceToTrackerTransform = 0.6243316283990463 -0.6882265516938178 0.3695324496228064 -83.36 -0.2867909128948469 0.2380769069142465 0.9279387688177951 245.45 -0.7266092416571203 -0.6853200711622138 -0.04873817806076284 -125.6972578048833 0 0 0 1
Seq_Frame0006_ReferenceToTrackerTransformStatus = OK
Seq_Frame0006_StylusToTrackerTransform = -0.676012590369065 -0.6910757940157689 0.2557757310379182 -99.07000000000001 -0.1583316075645236 -0.202774086052259 -0.966340401758979 -74.58 0.7196791505306657 -0.693755660842595 0.02765869375646091 -123.23 0 0 0 1
Seq_Frame0006_StylusToTrackerTransformStatus = OK
Seq_Frame0006_Timestamp = 175.5537571428572
Seq_Frame0006_ImageStatus = OK
Seq_Frame0007_ProbeToTrackerTransform = -0.4193781276224175 0.8706977046544169 0.2569192347440049 90.35650362648275 -0.7457352722419696 -0.4918087679904059 0.4494474824292098 -104.4991297639438 0.5176880236263063 -0.003105291820247522 0.855563830089024 -174.0882749571801 0 0 0 1
Seq_Frame0007_ProbeToTrackerTransformStatus = OK
Seq_Frame0007_ReferenceToTrackerTransform = 0.6241467713079174 -0.6885217828258275 0.369294682388261 -83.36 -0.2867376151545152 0.2378233905800325 0.9280202449022967 245.46 -0.7267890670073427 -0.6851115160814052 -0.04898839261738376 -125.69 0 0 0 1
Seq_Frame0007_ReferenceToTrackerTransformStatus = OK
Seq_Frame0007_StylusToTrackerTransform = -0.6758655014997597 -0.6911534128900932 0.2559546517116936 -99.07000000000001 -0.1583795399694296 -0.202970144153812 -0.9662913856085298 -74.58 0.7198067415643938 -0.6936209919203403 0.02771595868616039 -123.23 0 0 0 1
Seq_Frame0007_StylusToTrackerTransformStatus = OK
Seq_Frame0007_Timestamp = 175.6453857142858
Seq_Frame0007_ImageStatus = OK
Seq_Frame0008_ProbeToTrackerTransform = -0.4187691883662278 0.8699493987591993 0.2604235213524279 91.58848939196656 -0.7447800872899293 -0.4931083253915874 0.4496073853996501 -104.3613470223518 0.5195526811127972 -0.005676533097938805 0.8544195623465629 -174.2086529776483 0 0 0 1
Seq_Frame0008_ProbeToTrackerTransformStatus = OK
Seq_Frame0008_ReferenceToTrackerTransform = 0.6241959000268735 -0.6887598604956661 0.3687673154709241 -83.35000000000001 -0.2866521728487931 0.2371886935852924 0.9282090580447747 245.45 -0.7267805791232366 -0.6850922406547114 -0.04938230051344442 -125.6847754962747 0 0 0 1
Seq_Frame0008_ReferenceToTrackerTransformStatus = OK
Seq_Frame0008_StylusToTrackerTransform = -0.6759170745287235 -0.6911223281923528 0.2559023951324299 -99.07000000000001 -0.1583320597063199 -0.2029456163836516 -0.9663043183489425 -74.5752245037253 0.7197687595538491 -0.6936591412679877 0.02774758558274415 -123.24 0 0 0 1
Seq_Frame0008_StylusToTrackerTransformStatus = OK
Seq_Frame0008_Timestamp = 175.7374571428572
Seq_Frame0008_ImageStatus = OK
Seq_Frame0009_ProbeToTrackerTransform = -0.4183301487943044 0.8693704321553227 0.2630493077424888 92.48068855177289 -0.7442129908919892 -0.4941002888389373 0.4494573714568253 -104.6860093793312 0.5207176881932618 -0.007743142988874222 0.8536938168566755 -174.3265240766407 0 0 0 1
Seq_Frame0009_ProbeToTrackerTransformStatus = OK
Seq_Frame0009_ReferenceToTrackerTransform = 0.6240728240575592 -0.6889161467895052 0.3686836760225812 -83.36540775479006 -0.286723472324323 0.2370200810614984 0.9282301070272846 245.44459224521 -0.7268581434441703 -0.6849934480462582 -0.04961063840137905 -125.68459224521 0 0 0 1
Seq_Frame0009_ReferenceToTrackerTransformStatus = OK
Seq_Frame0009_StylusToTrackerTransform = -0.6759582093293975 -0.6911085872952216 0.2558308421731003 -99.06459224520995 -0.1583816866226763 -0.2027999533842225 -0.9663267668081609 -74.57000000000001 0.7197192095412981 -0.6937154311921859 0.02762534964645202 -123.24 0 0 0 1
Seq_Frame0009_StylusToTrackerTransformStatus = OK
Seq_Frame0009_Timestamp = 175.8294857142857
Seq_Frame0009_ImageStatus = OK
Seq_Frame0010_ProbeToTrackerTransform = -0.4195390092804423 0.8679592436876431 0.2657701469111227 93.50217977165961 -0.7430724040647028 -0.4965490514255893 0.4486451179338193 -105.1321797716596 0.5213735915919486 -0.009262333697415387 0.8532782589313934 -174.4139176001797 0 0 0 1
Seq_Frame0010_ProbeToTrackerTransformStatus = OK
Seq_Frame0010_ReferenceToTrackerTransform = 0.6238157472535844 -0.6889519211083787 0.3690517089508284 -83.36043445713001 -0.2866812690021988 0.2375792345828014 0.9281001871017695 245.46913108574 -0.7270954294188222 -0.6847637239925352 -0.04930394327164787 -125.67 0 0 0 1
Seq_Frame0010_ReferenceToTrackerTransformStatus = OK
Seq_Frame0010_StylusToTrackerTransform = -0.6758993099100367 -0.6911440971864374 0.2558905230513252 -99.06 -0.1584359185231601 -0.2028279699657808 -0.966311996366227 -74.56956554286998 0.719762587652942 -0.6936718615627312 0.02758923506073141 -123.23 0 0 0 1
Seq_Frame0010_StylusToTrackerTransformStatus = OK
Seq_Frame0010_Timestamp = 175.9218428571429
Seq_Frame0010_ImageStatus = OK
Seq_Frame0011_ProbeToTrackerTransform = -0.4150798689825995 0.8683811849702318 0.2713352538006886 94.6933504649934 -0.7433045926942965 -0.495663828482755 0.4492389693842065 -105.0666598140026 0.5246017392698522 -0.01521468775604992 0.8512117999837243 -174.6093216838045 0 0 0 1
Seq_Frame0011_ProbeToTrackerTransformStatus = OK
Seq_Frame0011_ReferenceToTrackerTransform = 0.6239912567050461 -0.6886765420702368 0.3692689155044582 -83.36 -0.2865839716467191 0.2379475673980197 0.9280358734254605 245.4746659814003 -0.7269831763877689 -0.6849128233370626 -0.04888645699581828 -125.6753340185997 0 0 0 1
Seq_Frame0011_ReferenceToTrackerTransformStatus = OK
Seq_Frame0011_StylusToTrackerTransform = -0.6760470837249866 -0.6910163581056374 0.2558451356140324 -99.07000000000001 -0.1584085247943026 -0.2027988398726549 -0.9663226013184201 -74.56533401859974 0.7196298214078083 -0.6938076270672778 0.02763868238247347 -123.23 0 0 0 1
Seq_Frame0011_StylusToTrackerTransformStatus = OK
Seq_Frame0011_Timestamp = 176.0144285714286
Seq_Frame0011_ImageStatus = OK
Seq_Frame0012_ProbeToTrackerTransform = -0.4156922866086578 0.8671585050277217 0.2742919065742772 95.66622114637826 -0.7424709857494521 -0.497732158286669 0.4483297156418822 -105.3788942681088 0.5252968286352986 -0.01728657760751686 0.8507434490258019 -174.756743609658 0 0 0 1
Seq_Frame0012_ProbeToTrackerTransformStatus = OK
Seq_Frame0012_ReferenceToTrackerTransform = 0.6238712670832206 -0.6887259172456661 0.3693795514401043 -83.37000000000001 -0.2865860717683324 0.2381055352329556 0.9279947077218835 245.49 -0.7270853220746332 -0.6848082687917425 -0.04883205318316464 -125.6645929512072 0 0 0 1
Seq_Frame0012_ReferenceToTrackerTransformStatus = OK
Seq_Frame0012_StylusToTrackerTransform = -0.676012590369065 -0.6910757940157689 0.2557757310379182 -99.07000000000001 -0.1583316075645236 -0.202774086052259 -0.966340401758979 -74.57000000000001 0.7196791505306657 -0.693755660842595 0.02765869375646091 -123.23 0 0 0 1
Seq_Frame0012_StylusToTrackerTransformStatus = OK
Seq_Frame0012_Timestamp = 176.1534000000001
Seq_Frame0012_ImageStatus = OK
Seq_Frame0013_ProbeToTrackerTransform = -0.41555628969826 0.8687123622095988 0.2695399818884662 94.22447657821411 -0.7439952920170423 -0.4951168244813405 0.4486984907173074 -105.11 0.5232437056942894 -0.0140769975396842 0.8520668181495956 -174.5321314053072 0 0 0 1
Seq_Frame0013_ProbeToTrackerTransformStatus = OK
Seq_Frame0013_ReferenceToTrackerTransform = 0.6234818077784918 -0.6894794770383569 0.3686305550441769 -83.38 -0.2865272862168448 0.2371876055770932 0.9282478946993718 245.4907104684357 -0.7274424716927616 -0.6843683880071604 -0.0496725263501518 -125.6292895315643 0 0 0 1
Seq_Frame0013_ReferenceToTrackerTransformStatus = OK
Seq_Frame0013_StylusToTrackerTransform = -0.676012590369065 -0.6910757940157689 0.2557757310379182 -99.07000000000001 -0.1583316075645236 -0.202774086052259 -0.966340401758979 -74.57071046843572 0.7196791505306657 -0.693755660842595 0.02765869375646091 -123.2207104684357 0 0 0 1
Seq_Frame0013_StylusToTrackerTransformStatus = OK
Seq_Frame0013_Timestamp = 176.2468857142858
Seq_Frame0013_ImageStatus = OK
Seq_Frame0014_ProbeToTrackerTransform = -0.4220524812019817 0.8687464257880948 0.2591357767496821 92.13726487751352 -0.7431591912698631 -0.4952498870420634 0.4499355129526301 -104.9813208868206 0.519216832876568 -0.002682734655837636 0.8546383348483688 -174.2380186697691 0 0 0 1
Seq_Frame0014_ProbeToTrackerTransformStatus = OK
Seq_Frame0014_ReferenceToTrackerTransform = 0.6234296006402471 -0.6896331469248198 0.3684313446330429 -83.37644651886322 -0.2864586672458049 0.2369887814789823 0.9283198529671035 245.4935534811368 -0.7275142369777374 -0.6842824271568554 -0.04980557076295363 -125.6164465188632 0 0 0 1
Seq_Frame0014_ReferenceToTrackerTransformStatus = OK
Seq_Frame0014_StylusToTrackerTransform = -0.676012590369065 -0.6910757940157689 0.2557757310379182 -99.07000000000001 -0.1583316075645236 -0.202774086052259 -0.966340401758979 -74.58 0.7196791505306657 -0.693755660842595 0.02765869375646091 -123.23 0 0 0 1
Seq_Frame0014_StylusToTrackerTransformStatus = OK
Seq_Frame0014_Timestamp = 176.3403857142858
Seq_Frame0014_ImageStatus = OK
Seq_Frame0015_ProbeToTrackerTransform = -0.4261758089649875 0.8682138288406781 0.2541238423738469 90.63599457271195 -0.741754742063127 -0.4961756338753205 0.4512312522147461 -104.4425367177387 0.517855271750614 0.003806278790800079 0.8554597768228874 -174.0553671773873 0 0 0 1
Seq_Frame0015_ProbeToTrackerTransformStatus = OK
Seq_Frame0015_ReferenceToTrackerTransform = 0.6237767920262036 -0.6895866759217768 0.3679303332434726 -83.38 -0.2865164076430968 0.236227805525273 0.9284959730919724 245.4474632822613 -0.7271938268995366 -0.6845923168484061 -0.05022447442570723 -125.6525367177387 0 0 0 1
Seq_Frame0015_ReferenceToTrackerTransformStatus = OK
Seq_Frame0015_StylusToTrackerTransform = -0.676012590369065 -0.6910757940157689 0.2557757310379182 -99.06999999999999 -0.1583316075645236 -0.202774086052259 -0.966340401758979 -74.58 0.7196791505306657 -0.693755660842595 0.02765869375646091 -123.23 0 0 0 1
Seq_Frame0015_StylusToTrackerTransformStatus = OK
Seq_Frame0015_Timestamp = 176.4341285714286
Seq_Frame0015_ImageStatus = OK
Seq_Frame0016_ProbeToTrackerTransform = -0.4249936808085282 0.8704652710304549 0.2483356261245959 88.73164146338239 -0.7456446486136599 -0.4921965345364297 0.4491732732299871 -104.8173750894274 0.513219669602238 0.005725672030899457 0.8582381880417371 -173.7710784715314 0 0 0 1
Seq_Frame0016_ProbeToTrackerTransformStatus = OK
Seq_Frame0016_ReferenceToTrackerTransform = 0.6238309393728595 -0.6894112297629378 0.3681672383006526 -83.38 -0.286543977938456 0.2365158311313188 0.9284141372962107 245.4415781138216 -0.7271365124846787 -0.6846695684058225 -0.05000074310051189 -125.67 0 0 0 1
Seq_Frame0016_ReferenceToTrackerTransformStatus = OK
Seq_Frame0016_StylusToTrackerTransform = -0.6760675311917819 -0.6910013682841737 0.2558315897180193 -99.06 -0.1582939189094541 -0.2028914902400926 -0.9663219331177585 -74.58 0.7196358304757597 -0.6937954685766939 0.02778703434894403 -123.23 0 0 0 1
Seq_Frame0016_StylusToTrackerTransformStatus = OK
Seq_Frame0016_Timestamp = 176.5272142857143
Seq_Frame0016_ImageStatus = OK
Seq_Frame0017_ProbeToTrackerTransform = -0.4262742806550897 0.8722592227917946 0.2396958195435212 85.9824392801077 -0.7459976624350232 -0.4888443893204445 0.4522373830980834 -103.8117887785292 0.5116421848259455 0.01396464409056175 0.8590851316499181 -173.6269106215606 0 0 0 1
Seq_Frame0017_ProbeToTrackerTransformStatus = OK
Seq_Frame0017_ReferenceToTrackerTransform = 0.6238309393728595 -0.6894112297629378 0.3681672383006526 -83.37000000000001 -0.286543977938456 0.2365158311313188 0.9284141372962107 245.4689430861525 -0.7271365124846787 -0.6846695684058225 -0.05000074310051189 -125.66 0 0 0 1
Seq_Frame0017_ReferenceToTrackerTransformStatus = OK
Seq_Frame0017_StylusToTrackerTransform = -0.676012590369065 -0.6910757940157689 0.2557757310379182 -99.06 -0.1583316075645236 -0.202774086052259 -0.966340401758979 -74.57105691384754 0.7196791505306657 -0.693755660842595 0.02765869375646091 -123.23 0 0 0 1
Seq_Frame0017_StylusToTrackerTransformStatus = OK
Seq_Frame0017_Timestamp = 176.6193142857143
Seq_Frame0017_ImageStatus = OK
Seq_Frame0018_ProbeToTrackerTransform = -0.4269583292036546 0.8746493409899807 0.2295541666566215 83.11432542810869 -0.747426336529282 -0.4842280294617999 0.454837429139202 -103.09 0.5089798194290616 0.02262179898536855 0.8604811430964804 -173.4144539657513 0 0 0 1
Seq_Frame0018_ProbeToTrackerTransformStatus = OK
Seq_Frame0018_ReferenceToTrackerTransform = 0.623858358099344 -0.6892364125274726 0.3684479836772766 -83.38 -0.2865436891015324 0.2368916729686507 0.9283183987803961 245.4659243390415 -0.7271131021138839 -0.6847156365414581 -0.04970949416309852 -125.67 0 0 0 1
Seq_Frame0018_ReferenceToTrackerTransformStatus = OK
Seq_Frame0018_StylusToTrackerTransform = -0.676012590369065 -0.6910757940157689 0.2557757310379182 -99.07000000000001 -0.1583316075645236 -0.202774086052259 -0.966340401758979 -74.57000000000001 0.7196791505306657 -0.693755660842595 0.02765869375646091 -123.23 0 0 0 1
Seq_Frame0018_StylusToTrackerTransformStatus = OK
Seq_Frame0018_Timestamp = 176.7116571428572
Seq_Frame0018_ImageStatus = OK
Seq_Frame0019_ProbeToTrackerTransform = -0.42949087179436 0.8773827945401415 0.2138621586215113 78.83066440783988 -0.7483787402765781 -0.4783395687052883 0.4594785284568593 -102.1436123552034 0.5054372880460668 0.03729194089572983 0.8620571088952674 -173.3364451973867 0 0 0 1
Seq_Frame0019_ProbeToTrackerTransformStatus = OK
Seq_Frame0019_ReferenceToTrackerTransform = 0.6242190679766497 -0.6887053963915825 0.368829814623867 -83.39 -0.2867205504820261 0.2372063411643288 0.9281834288774584 245.43 -0.7267337071483934 -0.6851408823683969 -0.04939726917358796 -125.71 0 0 0 1
Seq_Frame0019_ReferenceToTrackerTransformStatus = OK
Seq_Frame0019_StylusToTrackerTransform = -0.676012590369065 -0.6910757940157689 0.2557757310379182 -99.06999999999999 -0.1583316075645236 -0.202774086052259 -0.966340401758979 -74.57000000000001 0.7196791505306657 -0.693755660842595 0.02765869375646091 -123.22 0 0 0 1
Seq_Frame0019_StylusToTrackerTransformStatus = OK
Seq_Frame0019_Timestamp = 176.8499714285715
Seq_Frame0019_ImageStatus = OK
Seq_Frame0020_ProbeToTrackerTransform = -0.4337915926069195 0.8762455238662635 0.2098061869628489 78.26372613942242 -0.7458636992665052 -0.4798596570409392 0.4619762457757288 -101.6138687751399 0.505482142414583 0.04391459266450856 0.8617188127522071 -173.4899144185695 0 0 0 1
Seq_Frame0020_ProbeToTrackerTransformStatus = OK
Seq_Frame0020_ReferenceToTrackerTransform = 0.624013172195322 -0.6888488925165175 0.3689102386834758 -83.37200570542871 -0.2866418165812155 0.2374077624724202 0.92815624940247 245.4579942945713 -0.7269415588021863 -0.6849268264541889 -0.0493073269366845 -125.6820057054287 0 0 0 1
Seq_Frame0020_ReferenceToTrackerTransformStatus = OK
Seq_Frame0020_StylusToTrackerTransform = -0.676012590369065 -0.6910757940157689 0.2557757310379182 -99.07000000000001 -0.1583316075645236 -0.202774086052259 -0.966340401758979 -74.58 0.7196791505306657 -0.693755660842595 0.02765869375646091 -123.22 0 0 0 1
Seq_Frame0020_StylusToTrackerTransformStatus = OK
Seq_Frame0020_Timestamp = 176.9416285714287
Seq_Frame0020_ImageStatus = OK
Seq_Frame0021_ProbeToTrackerTransform = -0.4317795462489013 0.8753246146101257 0.2176539512591663 80.34611733439458 -0.7470714643598695 -0.4822723010053888 0.4574906062665853 -102.5714538340464 0.5054212605147245 0.03493203029602401 0.8621653569235455 -173.4 0 0 0 1
Seq_Frame0021_ProbeToTrackerTransformStatus = OK
Seq_Frame0021_ReferenceToTrackerTransform = 0.6239435562554554 -0.689011517923095 0.3687242421873127 -83.36 -0.2865082177161955 0.2372893909514211 0.9282277662960707 245.48 -0.7270539730916713 -0.6848042589756698 -0.04935227553415572 -125.66 0 0 0 1
Seq_Frame0021_ReferenceToTrackerTransformStatus = OK
Seq_Frame0021_StylusToTrackerTransform = -0.676012590369065 -0.6910757940157689 0.2557757310379182 -99.07000000000001 -0.1583316075645236 -0.202774086052259 -0.966340401758979 -74.58 0.7196791505306657 -0.693755660842595 0.02765869375646091 -123.22 0 0 0 1
Seq_Frame0021_StylusToTrackerTransformStatus = OK
Seq_Frame0021_Timestamp = 177.032942857143
Seq_Frame0021_ImageStatus = OK
ElementDataFile = LOCAL
x\S'nq=q K"(p"[VV;ݻ}m{sI _mH99w>                ͆J                             PT*
PZy              mIx3             YT*
P\{y              ǠRyWb2ʣd             ??Io2             IT*
PoVG[N              M'n;y,S             hʻBy8]J<o            -J]!SyD=?Gh<             p🞥O)            pˠRyWxWbw(AxWh<͝ǲP8            \h<oOnap
            LC=܂5ԟ-@MpP6 m?A            Npl^Ao7ۦ8m8ھG7m#           nmZY?o6o)N           naӃ)[z^c9ͣw}c9kc9hcu,6V7)           h>glnڜSoP8           -=q|q|q|q|q|iNB          KSz|y}MMMMMMq
          @giisNzoϦP8          K4Gy;i<״lڴlڴlڴlڴltݴy
MV(          zgi)N         {9>{9=Ԟl<{9=՞nmjO          I:;,VWԾ ?=/@OP{mh׭ \         @KYz?          8ghwk9ҟ#iHzZz;ϑ uT7tԑnpu[A         ʹt_yyklO          XyV<-y~%oocYXzVz;ϱ u?=+@O
Po9֭ugc
         ǣDyR<%ӓۧDzRz;O U?=)@OO
Po)џJ'ID          3xtm?        OLgyNhAgO	Poo29!<esTv29LGzNHz;OYsSesU
        p`Kky-tm}+OO         '(KL<SOSTvR)TGzJHz;O vR)TzJ*՟ @        <ryS?=#@[T?=#@\zF*ןS?=#@HIo)ןgr	        ty?:gK-o        ?	yOsFGzBHz;	<g'3:ByOOPo9[=!\џO        dZς<93}?'o       sz}yvs}s}꜎t_Hz;9龐vs}<yVs}
       pV+| sV+@[tV+@tW:#sVG+$笎tWHz;Y uV+@՟
Po       py6gt?y-ݷ       pqO@ޭtO鼎tOHz;y v=<{yOן	P{y v        %lOO	?[o       c{>wk繢?-}#sEG#$犎tGHz;鎐v+:!<W;yOw+<       h{\>wk繦?]-}#]-=5 uMG.$[zku<yOku<'P       h ϳy?o<[:Oϖ[?      -Wn<WOo繪#]sUG*$窎tUHz;U骐v:U!\՟
PWyO      @K=wkolOWV伖?      ^u⚀<skOukByHׄ\׃	纎tMHz;u隐v:5!<ku隐v      ?;yOWhKߟHWdKsG"@玎tEHz;銐v;:!џPw+yOW      -@ޭӳy-Gz;'OȫggK?      /~q^@9{yӑIo繧#s?i4ӄmb3oo4;yNGV(!drn	P'#I[B=sO:/@ӟPo繧?      qV@9YՑ
Io繫#sR6⤎lvzYA՟
PwuByHg       tyv[;*/O G8}?omIl ƹ<#Iqe9u.Ȧ	XvR^w}+2nO'     gq_8'D s_:'@}-=}霐t7Knĝs_G:'$oH3H8$7oAtDg,JS98oHE&p.ȣ	h#gXrڷ63y[]4-4òNdXsJҔsնR     jxۇ<DȳҲ[z}D`f.I75*4;P'hWԙ<JT$)SyN<!֙<P/@icz+FuUTvMX.8 i2nhPg4`ccɱ砋H}S     d >*;'Dߟ}fH|УjI)zMA*ӣ5z<%{˓aDnPP;y*ܙntB %#1CsBYws?9!VyN{O~Z$(=0Q[ԛ¶:!Eɸ2ZrB<g]BHrIЖqjN2F]'_P4ˉHɌVy+)c5TJi>t̺"*:?tDwm$5j{99kkxN,ZmpWj^7^iR
9C,;}][x!aZ/<_Ećd+     p5zG$pv}!\Gʩ<+k0~zKg򚔪>*滐'&Vsҝ*['TXS^4yz8y!O%9eQ,o[&RI;ۇ.RQ,x0!5a*hzpǶ7z*pX⼱ጏSTLq%<Ϭv(IW<
6Ѭ2h
4M:=sJۧDF齊^7^1¾dXN{a7Q`6t}SJ6W1<Z,%ZP4Zaumɛ+l'uJSCG_q^ylLmT6yA_H"`k4Z-o2J^'gJKyt|N7
wkt:Z_s     p}AFNSe'od伖W:gsS'ۉ&ۧ1ig:aɛ4MJqق*ΣI<*'L@iz=`kQ/	kA
7W\x#	d<Ojcb)>RY/,W`sU'{kL#Ŷ(q5Onbb2$#O`BR%(Ni^p <z*7ԧh$qBgӑqeIR2*cy7uxGNG+M)#i5,:PhhRhZy)Q_@Iv#qM3}uQOkBJ,fr,O6p K|wOi(Q!Vkc-Lv.㘛ܣZ-)!PҎM<Q+h3:*~hb6 -C2r*>ؑcGYm͕uOiFة'*v\g8:.fDmmR5'OKPrIUU|7z`f-`?V=oxSP|vJF?KkotNiZp4:3D5Vi     -5E.0y7Dϫwfϓob<kt:OVi0O%1ml*KR%2˓ԙL(>33(~\z
OpiOsDzQ*ͣdpm48;E%xybE,L'

\5'^JWۦfe+F0Z'+%D$WGMׄ
cXZ.> gAQ.42q5
Z$<ޣ\ݙM t~
o򐄭tPg(љ}>z-tݴ`yD,/G6#wnQ8Q+ѯ/C$imdz3iͣq6RW2FhiSRzp0oaژuR6)r7kRl'oj0/)e~!I6\ɉBPTKhZm
U8Gd9ju/HhY"EQ3h?#aʠQ54
=9cf^ˉSfNSVNt]@y|^7eҨA@G|'6ZiuEB)OzAk
S73%!>nݻ8yU`ZLVVizmձVax<     Z8SES3"V')]BRϳJ)ct2^BS'\@ܗdTvÅq1Qq2hW0IgI&z"tJyp@ ?V?W0մ^:("U._qTNnް|h|0Πgd)74B'
u 	%fzjy~ipJ,9`vEѦn܈@P90$%XN?jy$ &FvdÎT1 a&HZ8Vw>­Hq\?<
vIV7MvHR곢H0<SZ</݃>.n奛,74K%m
k&Ȥ`04'Ef;Zc2>;SceI_$n#FV
?ߣGP)HʰLc-L#6-l#k
TnAz]*汍,͊J;򲧌ѯkxE2g,ʴĨ)=>'/"Hˈr\2[u˨楱ձ1GxsPqZã(i4jIT*/f@Nmn&KH}ӺĢW-Pgu~aӕ-˚4,Od>;0n?Ǻ#iE$ҞFby1Gkg'ǎ9<zРA=ۘЬ4)ǊrRjZ[NWsCTS7?,ofy9IFӿcNYhNg 6DZZ7j.΢qFL**    kU4ؙQ^F(eY<H0nEFn*DF91BsUE;\>d0	LMI"	^\JhbΛ`QЄpNzm8銤."95T<LʢX҉g=jXWT	<?8-fJ*869ʙ49ST8PTHO#;+:IBшfqKar	GTl(Fj|uTΓH%<ЧOB.N
0iqΨO)ܔ"QT8WR8N픒<YpTc˥,-ӳB%HBQ~EBIn_qcJ	EEE鐗X'c٪zJuQqH1Z_Epr $PF'-j)J J6(K'kFvh<SsB=d)q(Z$/'+!f6
dͷZ.	ުkAI^nQ~ʴ	#|Y²%kKI鬍ڱ`%yyFԈOòg<8Zft!=Gg*NУ]h^sZGT[ENn¦qS$k6s#۷:ؗޗzUΐ{4ũ i5,ևKzVI^¹Fw1_n8R/{XwZg ESj޷ؼm$oɣֿAMYUB+"ь`DO1QZ^jQ͊~Y1ao}_$oI~Nnɓ'<d~^,;!47Zge!3*ʨ|쫚kW-.IL͜4a@]hx8^F$Bk4h~SFm4Q4śߜTsZI     RK aʦjWt~qG~y.}[8a*ݙ@zQu"L
(:"e/O-}duY4M8NʇN6y5'O0$jXPbHL)܉<KX}T'Y<\YrMODUAG=!Ǳ&Aj=-"a$ҋ'U>SO,%j˳R2RF>C"4ސ^:TcyvQ2J/W՟u$=(8lu2<H
+N*hG&(F8wrcp5$MJvm%sj%KNkpU=YVgDoA đbIq^@Ƨ{%]DG
g4D8͟D+lMH<{BzP;H"h|:tw9g!:Hdi_6>EՊq.1r2}?^޶y׺<T-)^e㼉3RQܫjMQ7-8Ũ$}(68ol|JltώZQW*%FʦRCTEՋCSШ1
oӒF-ԨahYr3g|ZU qI1dhgjjqCk2<qU):^ZID##<2-_ߤҕsѯS4cFg8Z:M"YI1,o=<yf-<n}GbV\?}P ISRmw"ͩyq+d4zŗ)y%1tĈѣѫ5!SWLqqxnHܢ~㼊fO7fĘaAfjՔ$2b;Fo(yy{4x=8oU⌬	'гs`C)x.P$FӜoXx OK.4n=,}vrUR3OKL;g@4Y~Q%<v(*!4$?ߒ.:G]rqˊMKə<g s@٠h(??8ũt/N?_N)I5q5.^v='/-ifiivF~Τ辝FthѾ}?a
y:^ͩ&=Ϫ"-f4AO_wWn\geʛ3$7'7e̐!}ܧ	cFhghNgQB&juzaiC^5~
    KR*a<	%5F	G"-Rm
0q4$b\M(9JipQqT_(^߶<s
Ljʪj'HQ,￺.ZÑP0
Mpxjɲ.FK(@Rw:bH$ħfqv^G*!<Xq8O#-sͦ5䦱8s(GI|0*͓ts^)_
??y<3ZAs)7i	V8#yͨ,}GP#|W8X8p#%1,egKMVkΎ0eLWA9:PAj7<jV6tMCo}0xuڠ#QbnLrTeQX/qɸ2ֽ833aQ-wl*OmT[TiZ x-$	NnFѺ59cphMjc`{!HTwAX3e|~mMp7gʀ,ɽQ{GEۛe44# R_1t8oIr̀~SӠe~=)9T.%&vQ&9[:iD9Z߱5O\gFmq ouδ#hέoZś,ɺ}EZZoұd{O1=6qފcFҡYpI"E&5=%{{i^gi)V#g\8${ı#o֊l4@R¾HNg;{5[t7y\t6mO#)M\zSA>4!0wPb#/8h̤""uim֊c6AV+Oo \i73wx-\PZ<7fޑF`V<F+YPbufۼ4o
뗺rG^uyʊgϚ:y)ӣZ6yt9 !o06~Ei)3SSfΙ9SHfĦ-7S%MօlmA60z_߫\s uF\⬒K͚ا}l`I-L0\4~h8ò7aCtR5	qII*($]VBҬM8qͷi+Wk/W~IAzBbE$ұC.={u5h[2ȷ9i[W@mՅDk/\QWjA^JRsӓ'ڥgTC{7_J9j)G5&?_No0u:U硉+˥_>}b9ye'._</%-;elȡLݭ};7hehC{׹}xж}cn\~ןOԞq    B}Cb10Ɛ#9#^VJ*i<tUaᖅv(
7x<[{kxsg>)cto4(֛oyqDapyirpZ->gXFbKA8C0ySah4%oh}#0Rc8dHO'uD;<^Ğ/-<oj4QVgmaW59qaY5'N`@▽%	zFyֻVc?(	F]Jg(|AZ	5zŇhq4-X^mkӡGy%-&Hɛ5R_])J1515škF˿K-oy)&tؠFTΨHv(FvgHy(`Γ'^T:`?99)loч#
q`H
gsCff8ʛ4-fmܧQ|$Ft4vjGy&.n.s$qS+kOu<.1#hcG
Ӡ=ZWlSƳ4΄;1>`n0qL0/֌-Jޭ1Q
b\r4!#RsssrK*8[P;y°a<c6a5Tf06tlނk:[V85n,ʣ"q)['HŹ1uh2vVtAAwGEvRRLTNx@F5$EׄXefM'-ZZbC9۸IzյE_T)0:)!G%wK\Rj/WGy{wKHʘ:<zq#Zd")iI+
)7ErzN75w{~N:ʻܸѭsDـ>aBTDc8m5X1B'ίܶ_ˡ |mE	Sg,;[teW4=-mShA"e4nSf-~+\v?)SS,1W~]L&+޻8leSZc4jy)U^:pqyՃo_uX{eggΞhyє}u	աYR)ыV^35j^Wя~zÂc--NM-Yb	:ȠRCUxGV4٬Ta;_3[֮Z03{u+7ܼ aX.zEF.ĬS
?:tP3,%rdUqӲW?/^p}W^?b疊KEv_xmL4,]f<ed&m1hkCLmGZs_r=Ǚ?~twmk׭)-YcⲅYGE3cܢ:7u؄=[vҵKӖzo\/]wcm+Vmݾz^aIQڸ!#M?l⸨"DޥK^zF4uV~Ό1?(6ko}kWk/]zGy<{v=}iy2G8r۶婃:3ybjRzVvV7nZ;zRɎ~8[}՗]p|Q    `0Ҏ~G6-RWkJ[6CFO;# 2h!Щ8јf]*nPkld"CU\pbƌ8T2׳YU-D*&m>QƤKs4o0u,.-n{˾c^hPShD1<B-Zld)^+Bi'c"Ytm0Zu^(kyN#Teytg1e]+kX߀ޱ9Z u&VC2bSRm^}6=19$Q)ď!YV<0X:o2VY_}мmۆu`Gy~O
6"R=;$kDasRgHKQ?&i+mwʒGcz:lbrN~FT春'eaȘVPbGy=;(h+YJlauRiy?G?u]Л<Jmr1ͨԔ+&ЉJ:oZ| !M*la>1mV
R'3Tl^{pZuLKJ~DbfnV%mqW7_Gv/"jS2%l%%&~C<H]SgΙW`iJGy&M7?CZTdūCZUF/[i毘1mꔘA,!mKb㓲CQOAH;
2}ުnY\lA	cGأmS R$/c?/(oFM4j`pAMbjZEss^z_pbYiVĸ!{Ft
g6$=m;դh^FI*hX=x7~޽siqqGԿo04؞uѱ)(j%Y!OK{'ᰀcw73aꔩS'Ō#"<Ј֨ݜTo'˱!18RiДU}oOU_󼣼/}hmQNZܴYI#ٽ}+g	Zi(~4Q%IRIB؀.Ccl<ߟ_/8Kfee-3Ԁvm'ʆ1˲ҰwFRˢ^f Vo;hRb}+ׯyӿ^suI~a+cE٭SP?-PWZ[%Z@ƀ _7Wu˟ZsJmտϏNxlҢemX44wޑ}hh5
gLb4z5MI?k>,n?̥j_t'٣kK-Xba}9t℁]ڷm.Ϡ 	&axV|:v1:c]~_}ҕk/v[_lsG1dࠉYӫw^B<j>5Zm0uv]:tr]9ov:;*/ZQ</>fIc&ƎկOnB[!٥c޽O/z?~?S}Q޾{UVo޸0uI	i	SӲ3/zQG9iʘ=ILMK2rS|_k~RΝ=:|<p[*WٺeěisϚ>jiqf̞W79Tg,X7?}KW^O}މWݱ펇}mydgN>hAټҲ¢%-[XZ6ٶK/Y|O/˙.V_<뿿W    	C˧XO;R@Mc}1k؄S獷b3un0JgyX}ؠc.[^2Ap4r8-A]'GzVChͣ|;7tEyA%8Hdqi"i4~i)zˮ:9セ91(s-9x3,.$v[OO*|=**`N{P/RE˕w'/[E~Zv5O%Rޥ{9)	Z-GcDRSYƢY5v56y̔i|th̾Jxqꎍ:MWgT=Fedfd$e8f0jMFpD*KSޕc߅=ch}􌜲PH+c3HOޔЇ8	:$qNAJ|JV|-ahGWzr^Z%򚬧Fťِ%%g[ /eB&QMb帓0K.;FΈs.۲yinV-ZVʤ]ڶNցS\*Bmih#pm97n7l͛4>#qSRU-mNEL:3)k+,Ze~ykNYpI%W2-V,*)Ϩ%փcsJ\QaNy[+JsJ͒Usf+!%lI}qqIoZ~.w۲1=[JWv	(Ax|y6%ʝ}#v-MJɝ=cXȮzR%+NIIړSYy;}Ƚ}W(HLK7l>m}YR6bՒ'?\c:]HtOO,Qrdgyf܌ԸF3(IZY"'"*7g,k'FpخҤ'=fIuj'{-]WRԹ<8(=3cYծϝxݏ7}αmE1N>+qPn1ńʆҶyJ1npU[~ګ
~y)3)4S8ݻ4]$CdJȔe%NmnkBA?թ+W_q O?7'6SΑ=L&NG
j5 p)4r#2WTߨuڑ5Yy9{ѶCD[?{G#5,NŃ	~(ũyC)E;y>ʕ7n`?o>]+˗&gfƏ׭gn}zh6-Xv52)0ݐ^5׮_v'ykOܶ~U~iDЧ3	ߤU*B Q3ħ]tʥ˗;?z93Rb1lАٓzu)4OM qTF`xI6:yўpԜ?W}ڥyGcˊysfό7jcbGoPtT.ڴ
mܶk.:uj׺}q٫yO?{ӧ\ |Ў+ʗ,\8saFL?-vZC4thtTdz \?0jdbaqgQ3ۯ֮Yr!CF016!5+ǎ535aɱ˪V._2b}ŚWϜtsw7^x;ݶ}ť9qI9EsK
';%bⲹs3g޹~٪ʍ|^D/]N<==s۳{҅3&O6|yi^nA^iiKnYq]T.*^_kjΝ:[{_a?o<t;wm_tܔ
VoXliiek*WU._R;{IeE'.^<RGk?xG:v纊wYR:7o֬968tmUFΜY\^^,'=;hw+~K7_>_wm   [+lV(åƞeܲŉ~CZGI**+4o·̱%$HMTyV)64#M+,-ʟt٢K6Y]d/W#D+zNtKI~tذcf,^rk/k/OϡqdhE%!l܎ܥW	s+++V^t<ニc҄Zi_<fH"}e3%z;v=!)tٲ%W_mw/p(6U&xv/m'U7u9*! oʪy$s4Dx5kclP=ML/6{vV0_'HA##͝@Xʟup^CbIJ/ZP^^fM}ZJxAZ5s>R)*^kmbhdΚ9,7-|K=v@`4@M@-Ox廊jڒ'V,"nqMp1oE%U*3&6Bi;o6^|P@EF!(]p΃S
,.?om;6T+,Ϝ6_GnVc򢞔 4f$K;@pZS`pXUܺs߮͛0ްr=Q
\eѫ*jә7epaWk&>Ko{ݿ',\lnȮZ4*gБ>Ij:?+)hVon_|þ;v?z]!][Z2ihPX@Zݪ'o6Zçf/XkOg/ޝk͛9#v^m<Nq!@xUN(78uؤe[]|޶aQNGun&U:?cb͢ Nrh)*M֑RlځC?eR螡
mދe:4Mk= 0~9˪vO{~_YNɱS&N+eYZx/L>=#YG
Drm{\{='^|37;g^<mYcN6yhD}d]^V}ź=<P,>b>_/K?ܱWM:m:4;:<пujWS'yu$䕯ySo+DyΒ))ӧM``г(DYpy7sv*s>4jbjM;z棟TWT_j/⫷-.,,HL1cCѰt
GJ\tH)#Nk1v251h?ogk/^8wۯ?~ʲeŅSNڥc۵2:FkY^\^\a՚f.wߣ/u^lxw_/޳da\{~}ڧdҡZF\KaxVܝ$AqVJ,pW?ܥ.=}{yo|sJK
ҧ=bRGM&'0)OxӨ9iC{N[T5k.V_<ӗ>ݷNΝ77?+eacN=k#ڇi`j4j71>{'>¥K/\zz>+xCUKΚ2lLܴ	32<bQ}zvС}XpHPv]u5hؐACGYm~<{5Mi.퓯{yܶ|ꕋINO>~̴F>n=D=vҤ8(=oS՗o\9_}է}g9+'|ۼtIMk֬*0wќ)c&f3r3%tի~>^nuŋg:j/y!ĉgۺb˞[7bsR%,*K15mp*hqInZ|F:p߳}˙Ko\9w╫ɉ?d^y_xv=xϡ=[*ZlIinFfvfμE%U7l߲(bǮ]<kZs~r՞֫O9x_<;7,_&+[hy+䧦Wny`GŢeܶK3Wnܸ|_~?^v;/?Cܹk>{y|_~÷_~G-/_`vZVAqqi[6T
-ٴLM{</\zR_Gw}w:gN=yw;qo6./).,s+V$%/ݸrUO~_5/ogxg;oq.   p+3ֺx~$au)qЫiY(֯bKX]^rE`_V9:%(ZT;hLܷ4X|<8f"A	gL7-oɚ+U޶Ů̊c䉫hi06$"q&'!Č;%om[6VXanyGSZ&_i4L6Үp֥ߠ1	Vmض}Sm;CԴlio¬N(y+/$*T(^lstjQn]YjZ{yIFhܪTk;#X?bTZ~~ᒭn_7tv׷[W	gW> O8m|楴Yiszc1Eevy`%vx`p#,ϫ}[iYWڊDЮCfzO<pۺ~`<rP6fAͰZsH@udфeJ(/fؾm޾߻eN4"wd`pڬ5H\4MRMXv}ڲj;6l~^^fԘ9%jh)cЉK<cERj+m߹mvvY3RFu4½q$h.^VJ0RX4%\Sn떭z^޲9iqɳrgDap䚩
M*yyrZ:2_km>||W?"?1%wCաœ0yVTIkKCR%N*m#=Pj}|رǏ=웟ٝ3SfNѷB2Let/ d˰}p7D,Z}G}O?kfg$ĎٟDT
ɚ'@IVȾ8ZݯMTLjn=zϼW;T-JO1i	##*\8$pܣԿYo<<6`ɺ;s|KWזe$e%Q+FoD^Mw(>4061{-:}wv'_9SJg'gϋ&0l4BBI&)3疯qǽ?Qs53[s|E";w)_/#PӔB9U7FYwj^Qek6<s[WkO>jaVzA}#ǎCy(8.$u;kтy7瑗5W]pʻ}r/[\<ritء}xg5uhmbRn{C"cܴk?L+W^:ӏy鑻vlX$i)vٿ֭ڄ
oFfPKn=%z@|FFk}O_* 䝵Dɷ?~;C\t	13t.avheҪ\4/.[:,_fw>k_rW~^ޙS߾ƇxȝKW/ϙ:z!#$)<Cn:njd034~ڍ|O9uk/_~ӓo|?|9ו&>f씬YSui%2G^={۫{mӪ]>?11_߿_>{?^_~_ΓWR vIIy%EG1_NKJIIKwȔVl9pO~=_}]8?~o<j/>χ=|϶kvn_4nYsdϘ8~R
/._T8~EK׬Ztݡc/թ]pԹOˏOK}Ǿ쯜5=.>)u%f%L7.!`k*ӧQzݦm?~_7.?}\K'|۷~{8o}k22RSRf.PU6+}F|朂9knTY,/yF|Zʪu[=xoN\|gKǎkG.}?kvG<v];wW)̝[8oŦM.̝SkkUղܢe;sW?gj/W \?>'l|廟'_y#{6UXRRTb++W/))Uz,^X^~_vbuM#_Z{z_ze~^:#Ow}[wذrٚ7,+^b͆mwl~co?__^>wk57>x}G?~U^q/z'^׏~U{ںrmUKm߁GOv^vų.]9_~KG~=GwNO^gg_|闟x޵m]޲u{ݲF[QnG<7ŋ55O_|x_xc{:w~ȍ=ڋKO<O9|8p}=tV-]dE+6z򽟫oqB}{wm|ǣl_ps   i:k@/ۆq9%.o<`hfv>l!KJ>dQY)E0ZGtd68:epT5:Vt&[L֬	F9;'oQ床嫪qݣ^]uZZFJs;j<Ѕt3:v东kn[_YfuM9fzPB4%#VÐ/qduyMA]4xrBJVQIɢm[omv
1|iFgRQ͋UyZh
Z[mlӻc,^T2k7ܿoԕ{4o3jiZa05@e{0bQ)[#'_nɂ-Tmܸa_`vMjPkf_Iq:CJ2\kERܻƿCA#cmRjֵ+W 3gr!fVC-;Q ΣPl8HSdY#2~zFqEUe[׬\jަvOѱKP?Yժ)
]~nٙ>6Ƀ}T_#
KWߺuCŊ5[qCM`jxNZ]e\ƹiO(,̛hՆ-+Wذv
}ޚ=l:"3j,EHZ\&\\JB&:.!.!'+6oZ~?PyO=zʴIMj^:"pyMho/ǵFde̟]\^uێ;<+/!we%L:~P{VSSwHϖ겺Ӹܜ܌+yNawGeiƔSl⯧Z^yIh	4bs¹k2*5
w`w؍-(Hw79t!HR3L7{GϽ㏻q]S{ޱys)VVRT}'IpoݲWJ&tx-ןL_ijeY\VX00F`PU^Yd}--Oav	/<y$L=;y106Cc}c*dk]͇PGZ/<ovm/eAlTWU`0\nu{w
"+A_YNEO[ֵW.=,,o8AP3@4Gzzf0ഊeLFWYX42{p!*A.v6@dݯLn.-]6AɅ:Wd:B mhjPRpk={O'q3N3nRͿلP4;6v~[)*x_?7{zx:K߽{ʕ.).^?meLyi5khyc"4\(%XwuvZyүeo>v@JTt& '/6N~!7^:!`!Wh
H$X<Mx_Op_[EieI{]8g7vI!QIQoL)wBz<с񅅱o]9r/ԕ_ʪ>uΜ=w}Dv߻cW>x򹬦DFmN\UFз<60026=<XaJY[+w=}p֝W.^xؑN=@Yfi鄌OJ)jt2neK$0+sΎ4WUaVEg=-/'[7ݽBBrz5[^F-MO΍W[Z6\\61SaFP酌F[%53DOprNNF^M*imc	0X5]]]sչ¦ocUTttU\>NFodTHdD\\[=_Su8	/mͅy8>97]W]WR>\WC@C+@Y^Yb|3zF?D4?7^><#7Зʊʼ`Gw-"<6nkgoE$!IY%͓"@[b$hoMvza}Se~boá0p֏pWoG#O{{8`w^!'kUE{:ƾVf$/~xe[Sh$̷omB£a1A^~.60wPxl\J^]XbV0d2zakCS/Iqəq^!$Π3i8,nunrZ촄ĸp ?_?M}3kgxZ~Qɇ%t"Tڎ֊D$xkD$@B;faCQvbBR,;00*KGGLc	T:_i,..KMH))͍;FRt]]k{_prL*n\!w! pOG]^fv~v,2(6 -`g{<dk4P-qqQ	ɑU}3B&Th9io*rCrs<<3SÃ\YƟggѕG+)xEy hM8/q+S[Zvk!P19noߙ_z{ľ=;$xy8qrsr] pLWԍI,*/ZAAYDZ aĮ\<B<젚6&+;¢|l \ÿn?--VA^񍲦gt,- 65܅="bb?.g"4?$I/6gny\FIbitsvɳ3{$.L)NNf"<Tn.%ͱeS>u'(57YdSۥv.W/~-bxA-b/޸ym%+ =<>a/&&'ǆN_ٖfr	2[lqʭ{oJ+9{Z['E{&WƋqTzc;!<N>>B	ZXv^[x--#KS`#;5^xLIӻgKIJ@x|WڙU29k*f\ sK55eycO&=1nʉCv
srp37l*36w꨿{ajh;;=*Y䤄9<y̙cy'f זB`rD1%tݫ=bZ#X,)
H
royYl|\L7m$i\GօZy"#"˛~TVzq@$Bp0);e
%	rK<X!(:&6!-#)1t/8+UK3'ocș~Z6Nȫl?P_?7iᑟUP^SdBZѭ+!Y" _;'/hS'($K-}-#[ϰº}LZiCE*A뭶Ϋ.]:sd;?; [rErr35Ύ[@XljFڦNխ_'qP|;~07<CqB/_v /4ZUe2B6.Nߕ71Զ@EgW}[!m0Ȅ$lF%Eۚ(=s֍Af>
q1Qspm?xcy-]OXJu
O (M}~V^Qq^v^N«_tؑ#xؙF98ICn=xeϮ_$Qk B!ˊkkso<~ʵk^<(?'aB\<[5J[zH)8cOkeI~jX]MU^'n]x>)A>nNvnaRb\"R;E^}l[5D22pؕ$?vWd:k*+}bGw.)9޻gc/{j0ϠؤԢ/s"OxŅ/U5-MIaޖjOeo>]Rb3\~d*h9dW/Q6D̠ͯ,tFЎnvS󇺮/eYA*FJ2ݸx?=ًW
_+۹xx"	S+cC#}?8*?cKhk{{o3o(>{"#'\KEw

6??_/yǏt*
2ӗ-Ðo]_z;;_ȩQRWTxg`UUT҇F'8Y<:n~[ֆ@1
quqrppbzckħ@GCj*4t5M|bCSR]mmLtLl\|IKhH$16ѰݍU2dfyfveempn-;nmohcfci	mB#" /wg`TFI]@%XemcFXXW^W~d"_Q~fffp dhwhDHohH@@TbNe4X[c@Вڢan 
:zv@+H8l<"}aVw_RZBB~ͧDxh{eQ~VBl=: 6~X'aI.uԖzx{GF:S4Yeh76=#q٩陙Ę`Og}cc};ti$2P44vvhi<l0i>(9?\?~lA':na~nrcmW'+;($ox-%*Ajljo+-K
LLA`7T*A'UPˇa1iU-ó+x
t Zl*/LNIK	|5:t\֡1L0~|N_ko(*,n\Y9:TA6#׉#}1!!!~i>>~.)Dg@S7?k}}CspxGW{kKʫ?=]>񠕁wmv CE1HK0r4<z	)4Aљ%:v^#E9k4k?3OFӛgٳ[[PLsۯ&= v+;7h)ʾnSx]"|;<TTy*0Ԍ@?@owd˞:O:>)!];DA]:#S	0ZXT\LPHYy99W/^ȾVxc

vKndWk"s̡ܵ{ Vbr>mc_Qq

W\ҫoU5!ᡡ1!^.>,B=qȉvHIplvivD>ڋ;N^y煲-uee}{O?dTtk`vFlG:~hĻ-H&Sd
alP[pK>~$::fnn߰ o&VxIY!ϟ<qpۘ3ؙ;Ϣ\Pm܀<u7J_5671tpGE6,(-NpQy讝H	d_u%cSWt4yfW<<'\|챂oxrFNik?Kh=|j;Ą(4OԹ+
O)np'WOД־	-Zj?|(4WzrRPlCpJlLٯRى~h4!̥_=ygwBa~'X5~Pj{?OR@R!瓔4$Sуg/x$wZ0/OWGGy{_RPeWo\8,)&&/*?~K@k_[AKfp:w22uCE5vL-Y..KwQ-Ogy 66f;\b]tكJ0="<=751kh
Yf4&f$:()|tʁ}_?$!Ƞ;9h'ffc>p/^ERJ>TU~]R,	YI^pKh_<|{y O@M1s!I1>ݧPYU><>Y=8Ȭ3Bc2rB<\]T߽}v+Gwp1u <d:ݐѷuIʭl#	Xpg_RaJ^[9zn.К83Nȝq
q0VnaG\	fQ{E9P0B+˳#`Ϟ>{3g>GLB| P$z, 8fmA"@Q!%^|VAiaNJ\TTTLG/\v׏/:y]"< ]a_x8q*&v6qEMM-_'d:	JBq2Kµ0;9.>5#5==IoJuލ3w
L`ێ.=շt+6D(%B$̛Kg$䗕e;齾KO^+>~&c'!MOtGNʮl鞘[RT"nevK\beSOOsQF^u[SQB܋^>y!'Εs.?uȡ]Rs5;/_?_D[bQ+Su,sCSKO-噱fo?U@wn߽sރ7/:y/UtC"Q@h_Y^^TȲB
JRz>}lm|􎌖ҽ;_?{sYe-<{fnLJOL-MTYE,-ό7f$5Z^[RTQ]cNZFV#W/edZjSxJV^]epbT05>>>\Ų"h A|sW{Y[7ީ(i\,U:&f/]H4*J#cgF>wt|P2}neiii~jldcUTGXnݧ9"A#pdiyvb$?%:<2}|sD8`M#0S]K}@Df
G3$,m(̇\0˄k;XQt.Nv5!ң&07wg'0s+kШx2SUqƊqA64:4*cZV*8=&?9&fc wrGXxVW7|Q{,Ύt֕e&{8:4(@fQ)T	;kR^p[kwPhSo㋐Щ2J̎u}Zboc²"YvN!6\` p8BOʎÜ}B}w./3I4 =#=:#cGɐkA]g@]A!7Ɂȸ̬̼"C/ xv򂬔p;{g'ƒeǄvp}l#t:a4Z[QVR	j~\(T-$hFXZ75uquvquu6bB[8W&XTcmXN%@5<trjjM!3/t5W~LΕ>+<Ʉ$t:Nxj2!=7^`ffkahr~|26~|_$Qv2<tNx.Z\X\~[Z:YZ"#}-TXGd@.n 5/dT:D0 :P2n,O$gG~Әdcfhhwp4us5S
3?D#U_>~S{%EEDEٶ*m5x&rZZ魢9U-uE9U3g蜒(ct221BO+)EʂBB<\?20i9IЁ2
_z F9 ÓRa,2cSBt^ݼ|=B L}l/brqGZc7Դު9{&fd9;ױiR|b"B7wgD]{prJrj:F0_`P7(!8=3#pdxd'	I		prYp6n>>^NN>Q篞?r+/U-GFƄG$eG#:YE~9.wK
	po߼88ٶqpp	ql%ǿc{RTն#|<=|Cbss)^YZg$* 2f
lS
9ss޾UP6uptvC::'&$eU5|b(h))+M={p;!ʽKIT*)~aA);:yn>{mZT76̂֒ݴ_|ءw\?U@iGо٣hn^!&p'P>DDeն͢	,а@g%ϟ>[o6n>n0Cf!H4uǩk׮xD[ptTt#2+]Ǧ丈 WW޿rb'¾03Cm6=s;S wsw&.ay}sM ]Y(
3Rr#&Jy"A@-Na߶K7,ަTtL]WwNA<-JJ#tT?{;w%)XHa8%yŤrr8|S&nom|Z"_qČw;{KW޺|{vO8\`}9ĤvH
	{`W	aW[}O/s+,F%`pD%)E>!a|v)!.-())?l'$.!/kCW!F0Ȥq((c<j'8i	y٩q	IVJ
p?)%,"k(?(S7 'ߎg.K+[y:j:DgVECD,.q,l.!6*6=7;f{/_?vā=;wٳcI$o!>v6=iZ;"m2*>.Pp(zarbr̄ȈشԸPܽ/t9{Cv=r 0/ĉ[zV!9խ+h fFztx~h/ˌH,(+/{
