ObjectType = Image
NDims = 3
BinaryData = True
BinaryDataByteOrderMSB = False
CompressedData = False
TransformMatrix = 1 0 0 0 1 0 0 0 1
Offset = 0 0 0
CenterOfRotation = 0 0 0
AnatomicalOrientation = RAI
ElementSpacing = 1 1 1
CustomFieldNames = DefaultFrameTransformName UltrasoundImageOrientation
CustomFrameFieldNames = ToolToTracker Timestamp UnfilteredTimestamp FrameNumber ToolToTrackerStatus 
DefaultFrameTransformName = ToolToTracker
Seq_Frame0000_FrameNumber = 12042
Seq_Frame0000_ToolToTrackerStatus = OK 
Seq_Frame0000_Timestamp = 95449.360000
Seq_Frame0000_ToolToTracker = 0.196134 -0.975709 -0.0975865 359.82 0.954132 0.166941 0.248521 53.4767 -0.226193 -0.141854 0.963698 -206.754 0 0 0 1 
Seq_Frame0000_UnfilteredTimestamp = 95449.360000
Seq_Frame0001_FrameNumber = 12046
Seq_Frame0001_ToolToTrackerStatus = OK 
Seq_Frame0001_Timestamp = 95449.400000
Seq_Frame0001_ToolToTracker = 0.196108 -0.975723 -0.0975048 359.849 0.954195 0.166973 0.248257 53.5243 -0.225949 -0.141724 0.963774 -206.723 0 0 0 1 
Seq_Frame0001_UnfilteredTimestamp = 95449.400000
Seq_Frame0002_FrameNumber = 12050
Seq_Frame0002_ToolToTrackerStatus = OK 
Seq_Frame0002_Timestamp = 95449.440000
Seq_Frame0002_ToolToTracker = 0.195994 -0.975744 -0.0975221 359.73 0.954274 0.166894 0.248007 53.4799 -0.225715 -0.141671 0.963837 -206.826 0 0 0 1 
Seq_Frame0002_UnfilteredTimestamp = 95449.440000
Seq_Frame0003_FrameNumber = 12054
Seq_Frame0003_ToolToTrackerStatus = OK 
Seq_Frame0003_Timestamp = 95449.475000
Seq_Frame0003_ToolToTracker = 0.196009 -0.975709 -0.0978351 359.795 0.954254 0.166818 0.248136 53.5026 -0.225788 -0.141997 0.963772 -206.786 0 0 0 1 
Seq_Frame0003_UnfilteredTimestamp = 95449.475000
Seq_Frame0004_FrameNumber = 12058
Seq_Frame0004_ToolToTrackerStatus = OK 
Seq_Frame0004_Timestamp = 95449.516000
Seq_Frame0004_ToolToTracker = 0.196369 -0.975455 -0.0996312 359.637 0.954233 0.166739 0.248268 53.5063 -0.225562 -0.143824 0.963554 -206.878 0 0 0 1 
Seq_Frame0004_UnfilteredTimestamp = 95449.516000
Seq_Frame0005_FrameNumber = 12062
Seq_Frame0005_ToolToTrackerStatus = OK 
Seq_Frame0005_Timestamp = 95449.555000
Seq_Frame0005_ToolToTracker = 0.196478 -0.975355 -0.100392 359.595 0.954231 0.166663 0.248328 53.4683 -0.225476 -0.144588 0.96346 -206.846 0 0 0 1 
Seq_Frame0005_UnfilteredTimestamp = 95449.555000
Seq_Frame0006_FrameNumber = 12066
Seq_Frame0006_ToolToTrackerStatus = OK 
Seq_Frame0006_Timestamp = 95449.595000
Seq_Frame0006_ToolToTracker = 0.196792 -0.975301 -0.100308 359.683 0.954063 0.166919 0.248799 53.501 -0.225911 -0.144662 0.963347 -206.75 0 0 0 1 
Seq_Frame0006_UnfilteredTimestamp = 95449.595000
Seq_Frame0007_FrameNumber = 12070
Seq_Frame0007_ToolToTrackerStatus = OK 
Seq_Frame0007_Timestamp = 95449.635000
Seq_Frame0007_ToolToTracker = 0.196568 -0.975404 -0.099737 359.756 0.95419 0.166901 0.248327 53.4895 -0.225573 -0.143981 0.963528 -206.707 0 0 0 1 
Seq_Frame0007_UnfilteredTimestamp = 95449.635000
Seq_Frame0008_FrameNumber = 12073
Seq_Frame0008_ToolToTrackerStatus = OK 
Seq_Frame0008_Timestamp = 95449.670000
Seq_Frame0008_ToolToTracker = 0.196327 -0.975489 -0.099381 359.648 0.954299 0.166799 0.247975 53.4793 -0.225321 -0.143523 0.963655 -206.868 0 0 0 1 
Seq_Frame0008_UnfilteredTimestamp = 95449.670000
Seq_Frame0009_FrameNumber = 12077
Seq_Frame0009_ToolToTrackerStatus = OK 
Seq_Frame0009_Timestamp = 95449.710000
Seq_Frame0009_ToolToTracker = 0.196517 -0.975395 -0.0999319 359.582 0.954109 0.166744 0.248742 53.4861 -0.225959 -0.144228 0.963401 -206.871 0 0 0 1 
Seq_Frame0009_UnfilteredTimestamp = 95449.710000
Seq_Frame0010_FrameNumber = 12081
Seq_Frame0010_ToolToTrackerStatus = OK 
Seq_Frame0010_Timestamp = 95449.751000
Seq_Frame0010_ToolToTracker = 0.196412 -0.975425 -0.099838 359.587 0.954176 0.166697 0.248516 53.4789 -0.225766 -0.144075 0.963469 -206.82 0 0 0 1 
Seq_Frame0010_UnfilteredTimestamp = 95449.751000
Seq_Frame0011_FrameNumber = 12085
Seq_Frame0011_ToolToTrackerStatus = OK 
Seq_Frame0011_Timestamp = 95449.790000
Seq_Frame0011_ToolToTracker = 0.1963 -0.9755 -0.099323 359.679 0.954206 0.166725 0.248382 53.4774 -0.225737 -0.143532 0.963557 -206.778 0 0 0 1 
Seq_Frame0011_UnfilteredTimestamp = 95449.790000
Seq_Frame0012_FrameNumber = 12089
Seq_Frame0012_ToolToTrackerStatus = OK 
Seq_Frame0012_Timestamp = 95449.830000
Seq_Frame0012_ToolToTracker = 0.196159 -0.975487 -0.0997363 359.653 0.954334 0.166549 0.248007 53.4876 -0.225316 -0.143831 0.963611 -206.792 0 0 0 1 
Seq_Frame0012_UnfilteredTimestamp = 95449.830000
Seq_Frame0013_FrameNumber = 12093
Seq_Frame0013_ToolToTrackerStatus = OK 
Seq_Frame0013_Timestamp = 95449.870000
Seq_Frame0013_ToolToTracker = 0.195938 -0.975508 -0.099965 359.572 0.954454 0.166326 0.247696 53.4819 -0.225003 -0.143945 0.963667 -206.831 0 0 0 1 
Seq_Frame0013_UnfilteredTimestamp = 95449.870000
Seq_Frame0014_FrameNumber = 12097
Seq_Frame0014_ToolToTrackerStatus = OK 
Seq_Frame0014_Timestamp = 95449.910000
Seq_Frame0014_ToolToTracker = 0.1961 -0.975519 -0.0995345 359.617 0.954344 0.166542 0.247974 53.4251 -0.225327 -0.143618 0.96364 -206.866 0 0 0 1 
Seq_Frame0014_UnfilteredTimestamp = 95449.910000
Seq_Frame0015_FrameNumber = 12101
Seq_Frame0015_ToolToTrackerStatus = OK 
Seq_Frame0015_Timestamp = 95449.950000
Seq_Frame0015_ToolToTracker = 0.196433 -0.975387 -0.100173 359.592 0.954265 0.166692 0.248177 53.4616 -0.225371 -0.144342 0.963521 -206.813 0 0 0 1 
Seq_Frame0015_UnfilteredTimestamp = 95449.950000
Seq_Frame0016_FrameNumber = 12105
Seq_Frame0016_ToolToTrackerStatus = OK 
Seq_Frame0016_Timestamp = 95449.990000
Seq_Frame0016_ToolToTracker = 0.196075 -0.97555 -0.0992814 359.576 0.954359 0.166588 0.247885 53.469 -0.225285 -0.143354 0.963689 -206.877 0 0 0 1 
Seq_Frame0016_UnfilteredTimestamp = 95449.990000
Seq_Frame0017_FrameNumber = 12109
Seq_Frame0017_ToolToTrackerStatus = OK 
Seq_Frame0017_Timestamp = 95450.030000
Seq_Frame0017_ToolToTracker = 0.196008 -0.975531 -0.0996012 359.639 0.954448 0.166491 0.247606 53.4941 -0.224965 -0.143597 0.963728 -206.783 0 0 0 1 
Seq_Frame0017_UnfilteredTimestamp = 95450.030000
Seq_Frame0018_FrameNumber = 12113
Seq_Frame0018_ToolToTrackerStatus = OK 
Seq_Frame0018_Timestamp = 95450.070000
Seq_Frame0018_ToolToTracker = 0.195984 -0.975562 -0.0993398 359.621 0.954405 0.166503 0.247767 53.467 -0.225172 -0.143369 0.963713 -206.801 0 0 0 1 
Seq_Frame0018_UnfilteredTimestamp = 95450.070000
Seq_Frame0019_FrameNumber = 12117
Seq_Frame0019_ToolToTrackerStatus = OK 
Seq_Frame0019_Timestamp = 95450.110000
Seq_Frame0019_ToolToTracker = 0.196024 -0.975508 -0.0997981 359.59 0.95442 0.166441 0.24775 53.4652 -0.225072 -0.143814 0.96367 -206.838 0 0 0 1 
Seq_Frame0019_UnfilteredTimestamp = 95450.110000
Seq_Frame0020_FrameNumber = 12121
Seq_Frame0020_ToolToTrackerStatus = OK 
Seq_Frame0020_Timestamp = 95450.150000
Seq_Frame0020_ToolToTracker = 0.195905 -0.975554 -0.099581 359.626 0.954434 0.166376 0.247741 53.4693 -0.225117 -0.143577 0.963695 -206.766 0 0 0 1 
Seq_Frame0020_UnfilteredTimestamp = 95450.150000
Seq_Frame0021_FrameNumber = 12125
Seq_Frame0021_ToolToTrackerStatus = OK 
Seq_Frame0021_Timestamp = 95450.191000
Seq_Frame0021_ToolToTracker = 0.195875 -0.975534 -0.0998346 359.575 0.954549 0.166352 0.247311 53.4965 -0.224652 -0.143739 0.963779 -206.801 0 0 0 1 
Seq_Frame0021_UnfilteredTimestamp = 95450.191000
Seq_Frame0022_FrameNumber = 12129
Seq_Frame0022_ToolToTrackerStatus = OK 
Seq_Frame0022_Timestamp = 95450.225000
Seq_Frame0022_ToolToTracker = 0.19545 -0.975813 -0.0979223 359.761 0.954688 0.166463 0.246701 53.5016 -0.224434 -0.141703 0.964132 -206.681 0 0 0 1 
Seq_Frame0022_UnfilteredTimestamp = 95450.225000
Seq_Frame0023_FrameNumber = 12133
Seq_Frame0023_ToolToTrackerStatus = OK 
Seq_Frame0023_Timestamp = 95450.265000
Seq_Frame0023_ToolToTracker = 0.195625 -0.975691 -0.0987841 359.712 0.954701 0.166443 0.246664 53.514 -0.224226 -0.142563 0.964053 -206.707 0 0 0 1 
Seq_Frame0023_UnfilteredTimestamp = 95450.265000
Seq_Frame0024_FrameNumber = 12137
Seq_Frame0024_ToolToTrackerStatus = OK 
Seq_Frame0024_Timestamp = 95450.305000
Seq_Frame0024_ToolToTracker = 0.19575 -0.975669 -0.0987551 359.643 0.954575 0.166506 0.24711 53.5041 -0.224654 -0.142641 0.963942 -206.741 0 0 0 1 
Seq_Frame0024_UnfilteredTimestamp = 95450.305000
Seq_Frame0025_FrameNumber = 12141
Seq_Frame0025_ToolToTrackerStatus = OK 
Seq_Frame0025_Timestamp = 95450.345000
Seq_Frame0025_ToolToTracker = 0.195665 -0.975744 -0.0981743 359.689 0.954614 0.166585 0.246905 53.4714 -0.224562 -0.142029 0.964054 -206.749 0 0 0 1 
Seq_Frame0025_UnfilteredTimestamp = 95450.345000
Seq_Frame0026_FrameNumber = 12145
Seq_Frame0026_ToolToTrackerStatus = OK 
Seq_Frame0026_Timestamp = 95450.385000
Seq_Frame0026_ToolToTracker = 0.19566 -0.975719 -0.098433 359.676 0.954596 0.166503 0.247027 53.4573 -0.22464 -0.142297 0.963996 -206.749 0 0 0 1 
Seq_Frame0026_UnfilteredTimestamp = 95450.385000
Seq_Frame0027_FrameNumber = 12148
Seq_Frame0027_ToolToTrackerStatus = OK 
Seq_Frame0027_Timestamp = 95450.420000
Seq_Frame0027_ToolToTracker = 0.195663 -0.97563 -0.0993083 359.611 0.954652 0.166321 0.246936 53.4563 -0.224401 -0.143121 0.96393 -206.743 0 0 0 1 
Seq_Frame0027_UnfilteredTimestamp = 95450.420000
Seq_Frame0028_FrameNumber = 12152
Seq_Frame0028_ToolToTrackerStatus = OK 
Seq_Frame0028_Timestamp = 95450.460000
Seq_Frame0028_ToolToTracker = 0.195656 -0.975707 -0.0985593 359.667 0.954665 0.166511 0.246758 53.4776 -0.224352 -0.142371 0.964052 -206.747 0 0 0 1 
Seq_Frame0028_UnfilteredTimestamp = 95450.460000
Seq_Frame0029_FrameNumber = 12156
Seq_Frame0029_ToolToTrackerStatus = OK 
Seq_Frame0029_Timestamp = 95450.500000
Seq_Frame0029_ToolToTracker = 0.19589 -0.975621 -0.0989524 359.631 0.954463 0.166538 0.247519 53.4467 -0.225005 -0.142933 0.963817 -206.728 0 0 0 1 
Seq_Frame0029_UnfilteredTimestamp = 95450.500000
Seq_Frame0030_FrameNumber = 12160
Seq_Frame0030_ToolToTrackerStatus = OK 
Seq_Frame0030_Timestamp = 95450.540000
Seq_Frame0030_ToolToTracker = 0.195607 -0.975626 -0.099457 359.572 0.954632 0.166209 0.247089 53.4888 -0.224536 -0.143277 0.963875 -206.779 0 0 0 1 
Seq_Frame0030_UnfilteredTimestamp = 95450.540000
Seq_Frame0031_FrameNumber = 12164
Seq_Frame0031_ToolToTrackerStatus = OK 
Seq_Frame0031_Timestamp = 95450.580000
Seq_Frame0031_ToolToTracker = 0.195567 -0.975677 -0.0990333 359.561 0.954687 0.166308 0.246808 53.476 -0.224335 -0.142813 0.963991 -206.811 0 0 0 1 
Seq_Frame0031_UnfilteredTimestamp = 95450.580000
Seq_Frame0032_FrameNumber = 12168
Seq_Frame0032_ToolToTrackerStatus = OK 
Seq_Frame0032_Timestamp = 95450.620000
Seq_Frame0032_ToolToTracker = 0.195826 -0.975638 -0.0989041 359.614 0.954553 0.166537 0.247173 53.4375 -0.224681 -0.142812 0.96391 -206.796 0 0 0 1 
Seq_Frame0032_UnfilteredTimestamp = 95450.620000
Seq_Frame0033_FrameNumber = 12172
Seq_Frame0033_ToolToTrackerStatus = OK 
Seq_Frame0033_Timestamp = 95450.660000
Seq_Frame0033_ToolToTracker = 0.196001 -0.975615 -0.0987888 359.64 0.954542 0.166749 0.247072 53.3944 -0.224574 -0.142724 0.963948 -206.802 0 0 0 1 
Seq_Frame0033_UnfilteredTimestamp = 95450.660000
Seq_Frame0034_FrameNumber = 12176
Seq_Frame0034_ToolToTrackerStatus = OK 
Seq_Frame0034_Timestamp = 95450.700000
Seq_Frame0034_ToolToTracker = 0.196258 -0.975485 -0.0995606 359.605 0.954455 0.166778 0.247387 53.4219 -0.224717 -0.143578 0.963788 -206.805 0 0 0 1 
Seq_Frame0034_UnfilteredTimestamp = 95450.700000
Seq_Frame0035_FrameNumber = 12180
Seq_Frame0035_ToolToTrackerStatus = OK 
Seq_Frame0035_Timestamp = 95450.740000
Seq_Frame0035_ToolToTracker = 0.196453 -0.975408 -0.0999284 359.537 0.954464 0.166902 0.247271 53.4546 -0.224512 -0.143955 0.96378 -206.801 0 0 0 1 
Seq_Frame0035_UnfilteredTimestamp = 95450.740000
Seq_Frame0036_FrameNumber = 12184
Seq_Frame0036_ToolToTrackerStatus = OK 
Seq_Frame0036_Timestamp = 95450.780000
Seq_Frame0036_ToolToTracker = 0.196272 -0.975555 -0.0988424 359.601 0.954471 0.166985 0.247185 53.4278 -0.224638 -0.142858 0.963914 -206.824 0 0 0 1 
Seq_Frame0036_UnfilteredTimestamp = 95450.780000
Seq_Frame0037_FrameNumber = 12188
Seq_Frame0037_ToolToTrackerStatus = OK 
Seq_Frame0037_Timestamp = 95450.820000
Seq_Frame0037_ToolToTracker = 0.196406 -0.975456 -0.0995525 359.579 0.954444 0.166934 0.247325 53.4629 -0.224636 -0.143593 0.963805 -206.756 0 0 0 1 
Seq_Frame0037_UnfilteredTimestamp = 95450.820000
Seq_Frame0038_FrameNumber = 12192
Seq_Frame0038_ToolToTrackerStatus = OK 
Seq_Frame0038_Timestamp = 95450.860000
Seq_Frame0038_ToolToTracker = 0.196088 -0.975591 -0.0988542 359.574 0.954482 0.166789 0.247275 53.4343 -0.224751 -0.142842 0.963889 -206.774 0 0 0 1 
Seq_Frame0038_UnfilteredTimestamp = 95450.860000
Seq_Frame0039_FrameNumber = 12196
Seq_Frame0039_ToolToTrackerStatus = OK 
Seq_Frame0039_Timestamp = 95450.900000
Seq_Frame0039_ToolToTracker = 0.196245 -0.975525 -0.0991915 359.543 0.954454 0.166857 0.247339 53.4353 -0.224735 -0.143213 0.963838 -206.802 0 0 0 1 
Seq_Frame0039_UnfilteredTimestamp = 95450.900000
Seq_Frame0040_FrameNumber = 12200
Seq_Frame0040_ToolToTrackerStatus = OK 
Seq_Frame0040_Timestamp = 95450.940000
Seq_Frame0040_ToolToTracker = 0.196088 -0.975629 -0.0984774 359.615 0.9545 0.166897 0.247135 53.4418 -0.224676 -0.142457 0.963964 -206.757 0 0 0 1 
Seq_Frame0040_UnfilteredTimestamp = 95450.940000
Seq_Frame0041_FrameNumber = 12204
Seq_Frame0041_ToolToTrackerStatus = OK 
Seq_Frame0041_Timestamp = 95450.975000
Seq_Frame0041_ToolToTracker = 0.195755 -0.975735 -0.0980921 359.627 0.954646 0.166724 0.246687 53.4483 -0.224347 -0.141933 0.964118 -206.718 0 0 0 1 
Seq_Frame0041_UnfilteredTimestamp = 95450.975000
Seq_Frame0042_FrameNumber = 12208
Seq_Frame0042_ToolToTrackerStatus = OK 
Seq_Frame0042_Timestamp = 95451.015000
Seq_Frame0042_ToolToTracker = 0.19534 -0.975846 -0.0978113 359.671 0.954842 0.166468 0.2461 53.4825 -0.223873 -0.141467 0.964297 -206.69 0 0 0 1 
Seq_Frame0042_UnfilteredTimestamp = 95451.015000
Seq_Frame0043_FrameNumber = 12212
Seq_Frame0043_ToolToTrackerStatus = OK 
Seq_Frame0043_Timestamp = 95451.055000
Seq_Frame0043_ToolToTracker = 0.195283 -0.975897 -0.0974172 359.73 0.95485 0.166511 0.246038 53.4707 -0.223886 -0.141066 0.964352 -206.614 0 0 0 1 
Seq_Frame0043_UnfilteredTimestamp = 95451.055000
Seq_Frame0044_FrameNumber = 12216
Seq_Frame0044_ToolToTrackerStatus = OK 
Seq_Frame0044_Timestamp = 95451.095000
Seq_Frame0044_ToolToTracker = 0.195567 -0.975829 -0.0975291 359.707 0.954727 0.166714 0.246381 53.4262 -0.224166 -0.141298 0.964253 -206.674 0 0 0 1 
Seq_Frame0044_UnfilteredTimestamp = 95451.095000
Seq_Frame0045_FrameNumber = 12220
Seq_Frame0045_ToolToTrackerStatus = OK 
Seq_Frame0045_Timestamp = 95451.135000
Seq_Frame0045_ToolToTracker = 0.195409 -0.975796 -0.0981723 359.678 0.954807 0.166431 0.24626 53.4177 -0.22396 -0.141857 0.964219 -206.651 0 0 0 1 
Seq_Frame0045_UnfilteredTimestamp = 95451.135000
Seq_Frame0046_FrameNumber = 12223
Seq_Frame0046_ToolToTrackerStatus = OK 
Seq_Frame0046_Timestamp = 95451.170000
Seq_Frame0046_ToolToTracker = 0.195363 -0.975858 -0.0976398 359.71 0.954753 0.16648 0.246437 53.4177 -0.224233 -0.141367 0.964228 -206.675 0 0 0 1 
Seq_Frame0046_UnfilteredTimestamp = 95451.170000
Seq_Frame0047_FrameNumber = 12227
Seq_Frame0047_ToolToTrackerStatus = OK 
Seq_Frame0047_Timestamp = 95451.210000
Seq_Frame0047_ToolToTracker = 0.195352 -0.97575 -0.0987378 359.545 0.954778 0.166207 0.246523 53.4184 -0.224134 -0.142431 0.964094 -206.737 0 0 0 1 
Seq_Frame0047_UnfilteredTimestamp = 95451.210000
Seq_Frame0048_FrameNumber = 12231
Seq_Frame0048_ToolToTrackerStatus = OK 
Seq_Frame0048_Timestamp = 95451.250000
Seq_Frame0048_ToolToTracker = 0.195012 -0.975901 -0.0979156 359.57 0.954942 0.166148 0.245929 53.4274 -0.223734 -0.141463 0.964329 -206.747 0 0 0 1 
Seq_Frame0048_UnfilteredTimestamp = 95451.250000
Seq_Frame0049_FrameNumber = 12235
Seq_Frame0049_ToolToTrackerStatus = OK 
Seq_Frame0049_Timestamp = 95451.290000
Seq_Frame0049_ToolToTracker = 0.194995 -0.975856 -0.0983991 359.608 0.955013 0.166053 0.245717 53.4776 -0.223445 -0.141886 0.964334 -206.684 0 0 0 1 
Seq_Frame0049_UnfilteredTimestamp = 95451.290000
Seq_Frame0050_FrameNumber = 12239
Seq_Frame0050_ToolToTrackerStatus = OK 
Seq_Frame0050_Timestamp = 95451.330000
Seq_Frame0050_ToolToTracker = 0.194694 -0.975946 -0.0980965 359.641 0.955115 0.165867 0.245446 53.4453 -0.223271 -0.14148 0.964434 -206.604 0 0 0 1 
Seq_Frame0050_UnfilteredTimestamp = 95451.330000
Seq_Frame0051_FrameNumber = 12243
Seq_Frame0051_ToolToTrackerStatus = OK 
Seq_Frame0051_Timestamp = 95451.370000
Seq_Frame0051_ToolToTracker = 0.194781 -0.975925 -0.0981321 359.622 0.955034 0.165902 0.245735 53.3952 -0.223539 -0.141584 0.964357 -206.672 0 0 0 1 
Seq_Frame0051_UnfilteredTimestamp = 95451.370000
Seq_Frame0052_FrameNumber = 12247
Seq_Frame0052_ToolToTrackerStatus = OK 
Seq_Frame0052_Timestamp = 95451.410000
Seq_Frame0052_ToolToTracker = 0.195503 -0.975795 -0.0979944 359.704 0.954767 0.166552 0.246332 53.3617 -0.224049 -0.141721 0.964219 -206.601 0 0 0 1 
Seq_Frame0052_UnfilteredTimestamp = 95451.410000
Seq_Frame0053_FrameNumber = 12251
Seq_Frame0053_ToolToTrackerStatus = OK 
Seq_Frame0053_Timestamp = 95451.450000
Seq_Frame0053_ToolToTracker = 0.195361 -0.975844 -0.0977899 359.803 0.954867 0.166513 0.245971 53.4313 -0.223746 -0.14143 0.964332 -206.561 0 0 0 1 
Seq_Frame0053_UnfilteredTimestamp = 95451.450000
Seq_Frame0054_FrameNumber = 12255
Seq_Frame0054_ToolToTrackerStatus = OK 
Seq_Frame0054_Timestamp = 95451.490000
Seq_Frame0054_ToolToTracker = 0.19567 -0.975754 -0.0980713 359.676 0.954721 0.166685 0.246423 53.384 -0.224101 -0.141848 0.964188 -206.644 0 0 0 1 
Seq_Frame0054_UnfilteredTimestamp = 95451.490000
Seq_Frame0055_FrameNumber = 12259
Seq_Frame0055_ToolToTrackerStatus = OK 
Seq_Frame0055_Timestamp = 95451.530000
Seq_Frame0055_ToolToTracker = 0.196031 -0.975659 -0.098297 359.692 0.954544 0.166908 0.246955 53.3821 -0.224538 -0.14224 0.964028 -206.629 0 0 0 1 
Seq_Frame0055_UnfilteredTimestamp = 95451.530000
Seq_Frame0056_FrameNumber = 12263
Seq_Frame0056_ToolToTrackerStatus = OK 
Seq_Frame0056_Timestamp = 95451.570000
Seq_Frame0056_ToolToTracker = 0.19632 -0.975641 -0.0978948 359.739 0.95447 0.167277 0.246993 53.3455 -0.224601 -0.141927 0.96406 -206.725 0 0 0 1 
Seq_Frame0056_UnfilteredTimestamp = 95451.570000
Seq_Frame0057_FrameNumber = 12267
Seq_Frame0057_ToolToTrackerStatus = OK 
Seq_Frame0057_Timestamp = 95451.610000
Seq_Frame0057_ToolToTracker = 0.196389 -0.975561 -0.0985496 359.709 0.954484 0.167195 0.246996 53.3189 -0.224483 -0.142571 0.963992 -206.747 0 0 0 1 
Seq_Frame0057_UnfilteredTimestamp = 95451.610000
Seq_Frame0058_FrameNumber = 12271
Seq_Frame0058_ToolToTrackerStatus = OK 
Seq_Frame0058_Timestamp = 95451.650000
Seq_Frame0058_ToolToTracker = 0.19609 -0.975661 -0.0981557 359.702 0.954469 0.16696 0.247212 53.3119 -0.224807 -0.142162 0.963977 -206.725 0 0 0 1 
Seq_Frame0058_UnfilteredTimestamp = 95451.650000
Seq_Frame0059_FrameNumber = 12275
Seq_Frame0059_ToolToTrackerStatus = OK 
Seq_Frame0059_Timestamp = 95451.691000
Seq_Frame0059_ToolToTracker = 0.195913 -0.975711 -0.0980145 359.707 0.954673 0.166933 0.246442 53.393 -0.224094 -0.141853 0.964188 -206.698 0 0 0 1 
Seq_Frame0059_UnfilteredTimestamp = 95451.691000
Seq_Frame0060_FrameNumber = 12279
Seq_Frame0060_ToolToTrackerStatus = OK 
Seq_Frame0060_Timestamp = 95451.725000
Seq_Frame0060_ToolToTracker = 0.196202 -0.9756 -0.0985367 359.801 0.954495 0.167002 0.247081 53.4471 -0.224597 -0.142531 0.963972 -206.6 0 0 0 1 
Seq_Frame0060_UnfilteredTimestamp = 95451.725000
Seq_Frame0061_FrameNumber = 12283
Seq_Frame0061_ToolToTrackerStatus = OK 
Seq_Frame0061_Timestamp = 95451.765000
Seq_Frame0061_ToolToTracker = 0.195392 -0.975759 -0.0985726 359.597 0.954805 0.166309 0.246351 53.6353 -0.223986 -0.142253 0.964155 -206.675 0 0 0 1 
Seq_Frame0061_UnfilteredTimestamp = 95451.765000
Seq_Frame0062_FrameNumber = 12287
Seq_Frame0062_ToolToTrackerStatus = OK 
Seq_Frame0062_Timestamp = 95451.805000
Seq_Frame0062_ToolToTracker = 0.193655 -0.975226 -0.106922 358.518 0.956819 0.163661 0.240235 54.8845 -0.216785 -0.148828 0.964808 -206.255 0 0 0 1 
Seq_Frame0062_UnfilteredTimestamp = 95451.805000
Seq_Frame0063_FrameNumber = 12291
Seq_Frame0063_ToolToTrackerStatus = OK 
Seq_Frame0063_Timestamp = 95451.845000
Seq_Frame0063_ToolToTracker = 0.170271 -0.979072 -0.11147 356.582 0.966794 0.144107 0.211051 58.6517 -0.190571 -0.143705 0.971098 -204.597 0 0 0 1 
Seq_Frame0063_UnfilteredTimestamp = 95451.845000
Seq_Frame0064_FrameNumber = 12295
Seq_Frame0064_ToolToTrackerStatus = OK 
Seq_Frame0064_Timestamp = 95451.885000
Seq_Frame0064_ToolToTracker = 0.133366 -0.982405 -0.130742 352.826 0.975314 0.106672 0.193347 63.7467 -0.175999 -0.1533 0.97238 -202.48 0 0 0 1 
Seq_Frame0064_UnfilteredTimestamp = 95451.885000
Seq_Frame0065_FrameNumber = 12298
Seq_Frame0065_ToolToTrackerStatus = OK 
Seq_Frame0065_Timestamp = 95451.920000
Seq_Frame0065_ToolToTracker = 0.124887 -0.982028 -0.141509 350.316 0.975559 0.0955506 0.197875 67.1421 -0.180797 -0.162762 0.969959 -201.632 0 0 0 1 
Seq_Frame0065_UnfilteredTimestamp = 95451.920000
Seq_Frame0066_FrameNumber = 12302
Seq_Frame0066_ToolToTrackerStatus = OK 
Seq_Frame0066_Timestamp = 95451.960000
Seq_Frame0066_ToolToTracker = 0.121653 -0.984173 -0.128859 349.754 0.97527 0.0943858 0.199849 69.4611 -0.184524 -0.149984 0.971316 -201.163 0 0 0 1 
Seq_Frame0066_UnfilteredTimestamp = 95451.960000
Seq_Frame0067_FrameNumber = 12306
Seq_Frame0067_ToolToTrackerStatus = OK 
Seq_Frame0067_Timestamp = 95452.000000
Seq_Frame0067_ToolToTracker = 0.118455 -0.986832 -0.11014 350.653 0.977398 0.0963183 0.188191 69.2712 -0.175105 -0.129942 0.975937 -200.917 0 0 0 1 
Seq_Frame0067_UnfilteredTimestamp = 95452.000000
Seq_Frame0068_FrameNumber = 12310
Seq_Frame0068_ToolToTrackerStatus = OK 
Seq_Frame0068_Timestamp = 95452.040000
Seq_Frame0068_ToolToTracker = 0.124787 -0.986979 -0.101496 351.184 0.976548 0.104088 0.188468 69.2271 -0.175449 -0.122634 0.976821 -200.898 0 0 0 1 
Seq_Frame0068_UnfilteredTimestamp = 95452.040000
Seq_Frame0069_FrameNumber = 12314
Seq_Frame0069_ToolToTrackerStatus = OK 
Seq_Frame0069_Timestamp = 95452.080000
Seq_Frame0069_ToolToTracker = 0.12541 -0.986851 -0.101967 351.051 0.976425 0.104573 0.188837 69.4693 -0.175691 -0.123245 0.9767 -200.821 0 0 0 1 
Seq_Frame0069_UnfilteredTimestamp = 95452.080000
Seq_Frame0070_FrameNumber = 12318
Seq_Frame0070_ToolToTrackerStatus = OK 
Seq_Frame0070_Timestamp = 95452.120000
Seq_Frame0070_ToolToTracker = 0.121977 -0.98721 -0.102655 350.878 0.977258 0.10138 0.186247 69.5559 -0.173458 -0.123038 0.977125 -200.655 0 0 0 1 
Seq_Frame0070_UnfilteredTimestamp = 95452.120000
Seq_Frame0071_FrameNumber = 12322
Seq_Frame0071_ToolToTrackerStatus = OK 
Seq_Frame0071_Timestamp = 95452.160000
Seq_Frame0071_ToolToTracker = 0.125597 -0.986772 -0.102497 351.051 0.976415 0.104664 0.188838 69.4965 -0.175612 -0.123797 0.976645 -200.714 0 0 0 1 
Seq_Frame0071_UnfilteredTimestamp = 95452.160000
Seq_Frame0072_FrameNumber = 12326
Seq_Frame0072_ToolToTrackerStatus = OK 
Seq_Frame0072_Timestamp = 95452.200000
Seq_Frame0072_ToolToTracker = 0.126102 -0.986912 -0.100513 351.266 0.976301 0.105501 0.188957 69.4114 -0.17588 -0.121958 0.976828 -200.763 0 0 0 1 
Seq_Frame0072_UnfilteredTimestamp = 95452.200000
Seq_Frame0073_FrameNumber = 12330
Seq_Frame0073_ToolToTrackerStatus = OK 
Seq_Frame0073_Timestamp = 95452.240000
Seq_Frame0073_ToolToTracker = 0.124306 -0.987092 -0.100979 351.235 0.976344 0.103533 0.189823 69.5933 -0.176918 -0.122186 0.976612 -200.598 0 0 0 1 
Seq_Frame0073_UnfilteredTimestamp = 95452.240000
Seq_Frame0074_FrameNumber = 12334
Seq_Frame0074_ToolToTrackerStatus = OK 
Seq_Frame0074_Timestamp = 95452.280000
Seq_Frame0074_ToolToTracker = 0.123619 -0.986985 -0.102853 351.088 0.97625 0.102378 0.190934 69.6393 -0.177919 -0.124013 0.9762 -200.524 0 0 0 1 
Seq_Frame0074_UnfilteredTimestamp = 95452.280000
Seq_Frame0075_FrameNumber = 12338
Seq_Frame0075_ToolToTrackerStatus = OK 
Seq_Frame0075_Timestamp = 95452.320000
Seq_Frame0075_ToolToTracker = 0.124558 -0.986961 -0.101949 351.191 0.976218 0.103527 0.190477 69.5801 -0.177439 -0.12325 0.976384 -200.594 0 0 0 1 
Seq_Frame0075_UnfilteredTimestamp = 95452.320000
Seq_Frame0076_FrameNumber = 12342
Seq_Frame0076_ToolToTrackerStatus = OK 
Seq_Frame0076_Timestamp = 95452.360000
Seq_Frame0076_ToolToTracker = 0.123511 -0.987108 -0.1018 351.162 0.976201 0.102433 0.191152 69.6842 -0.17826 -0.122987 0.976267 -200.563 0 0 0 1 
Seq_Frame0076_UnfilteredTimestamp = 95452.360000
Seq_Frame0077_FrameNumber = 12346
Seq_Frame0077_ToolToTrackerStatus = OK 
Seq_Frame0077_Timestamp = 95452.400000
Seq_Frame0077_ToolToTracker = 0.122577 -0.987137 -0.102646 351.019 0.976354 0.101385 0.19093 69.7135 -0.178067 -0.123623 0.976222 -200.506 0 0 0 1 
Seq_Frame0077_UnfilteredTimestamp = 95452.400000
Seq_Frame0078_FrameNumber = 12350
Seq_Frame0078_ToolToTrackerStatus = OK 
Seq_Frame0078_Timestamp = 95452.440000
Seq_Frame0078_ToolToTracker = 0.122111 -0.987293 -0.101695 351.058 0.97632 0.101052 0.191279 69.7223 -0.178571 -0.122644 0.976253 -200.569 0 0 0 1 
Seq_Frame0078_UnfilteredTimestamp = 95452.440000
Seq_Frame0079_FrameNumber = 12354
Seq_Frame0079_ToolToTrackerStatus = OK 
Seq_Frame0079_Timestamp = 95452.475000
Seq_Frame0079_ToolToTracker = 0.122686 -0.98733 -0.100637 351.079 0.976241 0.101812 0.191277 69.7026 -0.178608 -0.121713 0.976363 -200.582 0 0 0 1 
Seq_Frame0079_UnfilteredTimestamp = 95452.475000
Seq_Frame0080_FrameNumber = 12358
Seq_Frame0080_ToolToTrackerStatus = OK 
Seq_Frame0080_Timestamp = 95452.515000
Seq_Frame0080_ToolToTracker = 0.122411 -0.987323 -0.101037 350.986 0.976511 0.101628 0.189994 69.7626 -0.177318 -0.121922 0.976572 -200.584 0 0 0 1 
Seq_Frame0080_UnfilteredTimestamp = 95452.515000
Seq_Frame0081_FrameNumber = 12362
Seq_Frame0081_ToolToTrackerStatus = OK 
Seq_Frame0081_Timestamp = 95452.555000
Seq_Frame0081_ToolToTracker = 0.122827 -0.987256 -0.101185 351.051 0.976169 0.101805 0.191652 69.7963 -0.178908 -0.122314 0.976233 -200.488 0 0 0 1 
Seq_Frame0081_UnfilteredTimestamp = 95452.555000
Seq_Frame0082_FrameNumber = 12366
Seq_Frame0082_ToolToTrackerStatus = OK 
Seq_Frame0082_Timestamp = 95452.595000
Seq_Frame0082_ToolToTracker = 0.124567 -0.986994 -0.101621 351.047 0.975838 0.103338 0.192513 69.7868 -0.179508 -0.123147 0.976018 -200.578 0 0 0 1 
Seq_Frame0082_UnfilteredTimestamp = 95452.595000
Seq_Frame0083_FrameNumber = 12370
Seq_Frame0083_ToolToTrackerStatus = OK 
Seq_Frame0083_Timestamp = 95452.635000
Seq_Frame0083_ToolToTracker = 0.123106 -0.987178 -0.10161 351.061 0.976003 0.101904 0.192442 69.7872 -0.17962 -0.122863 0.976033 -200.491 0 0 0 1 
Seq_Frame0083_UnfilteredTimestamp = 95452.635000
Seq_Frame0084_FrameNumber = 12373
Seq_Frame0084_ToolToTrackerStatus = OK 
Seq_Frame0084_Timestamp = 95452.670000
Seq_Frame0084_ToolToTracker = 0.12234 -0.987323 -0.101125 351.099 0.976095 0.101251 0.192321 69.7926 -0.179644 -0.122236 0.976108 -200.448 0 0 0 1 
Seq_Frame0084_UnfilteredTimestamp = 95452.670000
Seq_Frame0085_FrameNumber = 12377
Seq_Frame0085_ToolToTrackerStatus = OK 
Seq_Frame0085_Timestamp = 95452.710000
Seq_Frame0085_ToolToTracker = 0.121697 -0.987374 -0.101398 351.035 0.976353 0.100694 0.191297 69.7913 -0.178672 -0.122281 0.976281 -200.455 0 0 0 1 
Seq_Frame0085_UnfilteredTimestamp = 95452.710000
Seq_Frame0086_FrameNumber = 12381
Seq_Frame0086_ToolToTrackerStatus = OK 
Seq_Frame0086_Timestamp = 95452.750000
Seq_Frame0086_ToolToTracker = 0.121113 -0.987524 -0.100641 351.04 0.976335 0.10021 0.191643 69.8074 -0.179167 -0.12147 0.976291 -200.535 0 0 0 1 
Seq_Frame0086_UnfilteredTimestamp = 95452.750000
Seq_Frame0087_FrameNumber = 12385
Seq_Frame0087_ToolToTrackerStatus = OK 
Seq_Frame0087_Timestamp = 95452.793000
Seq_Frame0087_ToolToTracker = 0.120691 -0.98764 -0.100008 351.034 0.976488 0.0999896 0.190982 69.7868 -0.178621 -0.120706 0.976486 -200.6 0 0 0 1 
Seq_Frame0087_UnfilteredTimestamp = 95452.793000
Seq_Frame0088_FrameNumber = 12389
Seq_Frame0088_ToolToTrackerStatus = OK 
Seq_Frame0088_Timestamp = 95452.830000
Seq_Frame0088_ToolToTracker = 0.119885 -0.987798 -0.0994127 351 0.976538 0.0992862 0.191094 69.7551 -0.178892 -0.119989 0.976525 -200.651 0 0 0 1 
Seq_Frame0088_UnfilteredTimestamp = 95452.830000
Seq_Frame0089_FrameNumber = 12393
Seq_Frame0089_ToolToTrackerStatus = OK 
Seq_Frame0089_Timestamp = 95452.870000
Seq_Frame0089_ToolToTracker = 0.121074 -0.987731 -0.0986284 351.116 0.976304 0.100539 0.19163 69.6988 -0.179363 -0.119493 0.976499 -200.652 0 0 0 1 
Seq_Frame0089_UnfilteredTimestamp = 95452.870000
Seq_Frame0090_FrameNumber = 12397
Seq_Frame0090_ToolToTrackerStatus = OK 
Seq_Frame0090_Timestamp = 95452.910000
Seq_Frame0090_ToolToTracker = 0.122915 -0.987627 -0.0973863 351.364 0.975764 0.102367 0.193407 69.6583 -0.181045 -0.118799 0.976273 -200.683 0 0 0 1 
Seq_Frame0090_UnfilteredTimestamp = 95452.910000
Seq_Frame0091_FrameNumber = 12401
Seq_Frame0091_ToolToTrackerStatus = OK 
Seq_Frame0091_Timestamp = 95452.950000
Seq_Frame0091_ToolToTracker = 0.122316 -0.987531 -0.0991007 351.372 0.975963 0.101531 0.19284 69.6525 -0.180374 -0.120306 0.976213 -200.534 0 0 0 1 
Seq_Frame0091_UnfilteredTimestamp = 95452.950000
Seq_Frame0092_FrameNumber = 12405
Seq_Frame0092_ToolToTrackerStatus = OK 
Seq_Frame0092_Timestamp = 95452.990000
Seq_Frame0092_ToolToTracker = 0.121831 -0.987599 -0.0990234 351.374 0.975851 0.10096 0.193706 69.6667 -0.181306 -0.120231 0.976049 -200.487 0 0 0 1 
Seq_Frame0092_UnfilteredTimestamp = 95452.990000
Seq_Frame0093_FrameNumber = 12409
Seq_Frame0093_ToolToTrackerStatus = OK 
Seq_Frame0093_Timestamp = 95453.030000
Seq_Frame0093_ToolToTracker = 0.122034 -0.98759 -0.0988645 351.349 0.97587 0.101218 0.193475 69.6377 -0.181067 -0.120089 0.976111 -200.61 0 0 0 1 
Seq_Frame0093_UnfilteredTimestamp = 95453.030000
Seq_Frame0094_FrameNumber = 12413
Seq_Frame0094_ToolToTrackerStatus = OK 
Seq_Frame0094_Timestamp = 95453.070000
Seq_Frame0094_ToolToTracker = 0.119802 -0.987651 -0.100956 351.146 0.97625 0.0987053 0.192857 69.7952 -0.18051 -0.121663 0.97602 -200.607 0 0 0 1 
Seq_Frame0094_UnfilteredTimestamp = 95453.070000
Seq_Frame0095_FrameNumber = 12417
Seq_Frame0095_ToolToTrackerStatus = OK 
Seq_Frame0095_Timestamp = 95453.109000
Seq_Frame0095_ToolToTracker = 0.117111 -0.987893 -0.101748 350.916 0.976562 0.0959233 0.19268 69.7904 -0.180587 -0.121928 0.975972 -200.543 0 0 0 1 
Seq_Frame0095_UnfilteredTimestamp = 95453.109000
Seq_Frame0096_FrameNumber = 12421
Seq_Frame0096_ToolToTrackerStatus = OK 
Seq_Frame0096_Timestamp = 95453.150000
Seq_Frame0096_ToolToTracker = 0.115658 -0.988085 -0.10154 350.829 0.976811 0.0946004 0.192072 69.9434 -0.180178 -0.1214 0.976114 -200.504 0 0 0 1 
Seq_Frame0096_UnfilteredTimestamp = 95453.150000
Seq_Frame0097_FrameNumber = 12425
Seq_Frame0097_ToolToTrackerStatus = OK 
Seq_Frame0097_Timestamp = 95453.190000
Seq_Frame0097_ToolToTracker = 0.116167 -0.988025 -0.101551 350.827 0.976945 0.0952251 0.191076 69.8877 -0.179117 -0.121406 0.976308 -200.569 0 0 0 1 
Seq_Frame0097_UnfilteredTimestamp = 95453.190000
Seq_Frame0098_FrameNumber = 12429
Seq_Frame0098_ToolToTrackerStatus = OK 
Seq_Frame0098_Timestamp = 95453.225000
Seq_Frame0098_ToolToTracker = 0.115792 -0.988202 -0.10024 350.917 0.976909 0.0950596 0.191344 69.8442 -0.179558 -0.120081 0.976391 -200.571 0 0 0 1 
Seq_Frame0098_UnfilteredTimestamp = 95453.225000
Seq_Frame0099_FrameNumber = 12433
Seq_Frame0099_ToolToTrackerStatus = OK 
Seq_Frame0099_Timestamp = 95453.265000
Seq_Frame0099_ToolToTracker = 0.115773 -0.988252 -0.0997691 351.045 0.976764 0.0950336 0.192097 69.8168 -0.180359 -0.11969 0.976291 -200.525 0 0 0 1 
Seq_Frame0099_UnfilteredTimestamp = 95453.265000
Seq_Frame0100_FrameNumber = 12437
Seq_Frame0100_ToolToTrackerStatus = OK 
Seq_Frame0100_Timestamp = 95453.305000
Seq_Frame0100_ToolToTracker = 0.114314 -0.988335 -0.100633 350.899 0.977126 0.0935728 0.190969 69.8297 -0.179325 -0.120161 0.976424 -200.501 0 0 0 1 
Seq_Frame0100_UnfilteredTimestamp = 95453.305000
Seq_Frame0101_FrameNumber = 12441
Seq_Frame0101_ToolToTrackerStatus = OK 
Seq_Frame0101_Timestamp = 95453.345000
Seq_Frame0101_ToolToTracker = 0.114218 -0.988449 -0.0996129 350.96 0.977117 0.0936632 0.190969 69.709 -0.179433 -0.119146 0.976529 -200.525 0 0 0 1 
Seq_Frame0101_UnfilteredTimestamp = 95453.345000
Seq_Frame0102_FrameNumber = 12445
Seq_Frame0102_ToolToTrackerStatus = OK 
Seq_Frame0102_Timestamp = 95453.385000
Seq_Frame0102_ToolToTracker = 0.115488 -0.988352 -0.0991104 351.153 0.976904 0.0949548 0.19142 69.7036 -0.17978 -0.118928 0.976491 -200.528 0 0 0 1 
Seq_Frame0102_UnfilteredTimestamp = 95453.385000
Seq_Frame0103_FrameNumber = 12448
Seq_Frame0103_ToolToTrackerStatus = OK 
Seq_Frame0103_Timestamp = 95453.420000
Seq_Frame0103_ToolToTracker = 0.114894 -0.988399 -0.0993334 351.174 0.976992 0.0943452 0.191275 69.7598 -0.179685 -0.119024 0.976497 -200.517 0 0 0 1 
Seq_Frame0103_UnfilteredTimestamp = 95453.420000
Seq_Frame0104_FrameNumber = 12452
Seq_Frame0104_ToolToTrackerStatus = OK 
Seq_Frame0104_Timestamp = 95453.460000
Seq_Frame0104_ToolToTracker = 0.113979 -0.988462 -0.0997631 351.057 0.977264 0.0934804 0.190308 69.7381 -0.178786 -0.119186 0.976642 -200.448 0 0 0 1 
Seq_Frame0104_UnfilteredTimestamp = 95453.460000
Seq_Frame0105_FrameNumber = 12456
Seq_Frame0105_ToolToTrackerStatus = OK 
Seq_Frame0105_Timestamp = 95453.500000
Seq_Frame0105_ToolToTracker = 0.113475 -0.988517 -0.0997896 350.963 0.977352 0.0930036 0.19009 69.777 -0.178626 -0.1191 0.976682 -200.51 0 0 0 1 
Seq_Frame0105_UnfilteredTimestamp = 95453.500000
Seq_Frame0106_FrameNumber = 12460
Seq_Frame0106_ToolToTrackerStatus = OK 
Seq_Frame0106_Timestamp = 95453.540000
Seq_Frame0106_ToolToTracker = 0.114041 -0.988549 -0.0988217 351.114 0.977192 0.0936792 0.19058 69.6954 -0.17914 -0.118302 0.976685 -200.522 0 0 0 1 
Seq_Frame0106_UnfilteredTimestamp = 95453.540000
Seq_Frame0107_FrameNumber = 12464
Seq_Frame0107_ToolToTrackerStatus = OK 
Seq_Frame0107_Timestamp = 95453.580000
Seq_Frame0107_ToolToTracker = 0.114674 -0.988443 -0.0991524 351.116 0.977049 0.0941862 0.191061 69.6622 -0.179514 -0.118786 0.976557 -200.65 0 0 0 1 
Seq_Frame0107_UnfilteredTimestamp = 95453.580000
Seq_Frame0108_FrameNumber = 12468
Seq_Frame0108_ToolToTrackerStatus = OK 
Seq_Frame0108_Timestamp = 95453.620000
Seq_Frame0108_ToolToTracker = 0.117088 -0.988059 -0.100144 351.213 0.976391 0.0960974 0.193459 69.5138 -0.181525 -0.120432 0.975984 -200.73 0 0 0 1 
Seq_Frame0108_UnfilteredTimestamp = 95453.620000
Seq_Frame0109_FrameNumber = 12472
Seq_Frame0109_ToolToTrackerStatus = OK 
Seq_Frame0109_Timestamp = 95453.655000
Seq_Frame0109_ToolToTracker = 0.117738 -0.987963 -0.100331 351.266 0.975941 0.096447 0.195544 69.4801 -0.183513 -0.12094 0.975549 -200.88 0 0 0 1 
Seq_Frame0109_UnfilteredTimestamp = 95453.655000
Seq_Frame0110_FrameNumber = 12476
Seq_Frame0110_ToolToTrackerStatus = OK 
Seq_Frame0110_Timestamp = 95453.700000
Seq_Frame0110_ToolToTracker = 0.117022 -0.987894 -0.101839 351.26 0.976398 0.0957004 0.193618 69.4505 -0.181528 -0.122093 0.975777 -200.889 0 0 0 1 
Seq_Frame0110_UnfilteredTimestamp = 95453.700000
Seq_Frame0111_FrameNumber = 12480
Seq_Frame0111_ToolToTrackerStatus = OK 
Seq_Frame0111_Timestamp = 95453.739000
Seq_Frame0111_ToolToTracker = 0.119223 -0.987688 -0.101282 351.35 0.975632 0.0976178 0.1965 69.3773 -0.184194 -0.122241 0.975259 -201.029 0 0 0 1 
Seq_Frame0111_UnfilteredTimestamp = 95453.739000
Seq_Frame0112_FrameNumber = 12484
Seq_Frame0112_ToolToTrackerStatus = OK 
Seq_Frame0112_Timestamp = 95453.779000
Seq_Frame0112_ToolToTracker = 0.120771 -0.987679 -0.0995169 351.657 0.97513 0.0992709 0.198158 69.2008 -0.185837 -0.120974 0.975105 -201.107 0 0 0 1 
Seq_Frame0112_UnfilteredTimestamp = 95453.779000
Seq_Frame0113_FrameNumber = 12488
Seq_Frame0113_ToolToTrackerStatus = OK 
Seq_Frame0113_Timestamp = 95453.819000
Seq_Frame0113_ToolToTracker = 0.121977 -0.987778 -0.0970418 351.888 0.975084 0.101006 0.197505 69.0995 -0.185289 -0.118715 0.975487 -201.146 0 0 0 1 
Seq_Frame0113_UnfilteredTimestamp = 95453.819000
Seq_Frame0114_FrameNumber = 12492
Seq_Frame0114_ToolToTrackerStatus = OK 
Seq_Frame0114_Timestamp = 95453.859000
Seq_Frame0114_ToolToTracker = 0.124026 -0.987671 -0.0955199 352.358 0.97438 0.103021 0.199926 68.9594 -0.187621 -0.117869 0.975144 -201.101 0 0 0 1 
Seq_Frame0114_UnfilteredTimestamp = 95453.859000
Seq_Frame0115_FrameNumber = 12496
Seq_Frame0115_ToolToTrackerStatus = OK 
Seq_Frame0115_Timestamp = 95453.900000
Seq_Frame0115_ToolToTracker = 0.128564 -0.9875 -0.0911917 353.064 0.97353 0.108152 0.201353 68.3504 -0.188974 -0.114665 0.975265 -201.518 0 0 0 1 
Seq_Frame0115_UnfilteredTimestamp = 95453.900000
Seq_Frame0116_FrameNumber = 12500
Seq_Frame0116_ToolToTrackerStatus = OK 
Seq_Frame0116_Timestamp = 95453.940000
Seq_Frame0116_ToolToTracker = 0.13389 -0.987751 -0.0801337 355.227 0.971048 0.114622 0.209589 66.5047 -0.197837 -0.105876 0.9745 -202.264 0 0 0 1 
Seq_Frame0116_UnfilteredTimestamp = 95453.940000
Seq_Frame0117_FrameNumber = 12504
Seq_Frame0117_ToolToTrackerStatus = OK 
Seq_Frame0117_Timestamp = 95453.980000
Seq_Frame0117_ToolToTracker = 0.143956 -0.987832 -0.0588677 359.153 0.965639 0.127217 0.226622 62.5012 -0.216375 -0.0894685 0.972202 -203.903 0 0 0 1 
Seq_Frame0117_UnfilteredTimestamp = 95453.980000
Seq_Frame0118_FrameNumber = 12508
Seq_Frame0118_ToolToTrackerStatus = OK 
Seq_Frame0118_Timestamp = 95454.020000
Seq_Frame0118_ToolToTracker = 0.179118 -0.982489 -0.0513056 362.183 0.954557 0.160927 0.250847 57.9912 -0.238198 -0.0939054 0.966666 -205.996 0 0 0 1 
Seq_Frame0118_UnfilteredTimestamp = 95454.020000
Seq_Frame0119_FrameNumber = 12512
Seq_Frame0119_ToolToTrackerStatus = OK 
Seq_Frame0119_Timestamp = 95454.060000
Seq_Frame0119_ToolToTracker = 0.212686 -0.976278 -0.0405685 364.622 0.943799 0.194506 0.267228 55.2229 -0.252998 -0.0951243 0.962779 -207.541 0 0 0 1 
Seq_Frame0119_UnfilteredTimestamp = 95454.060000
Seq_Frame0120_FrameNumber = 12516
Seq_Frame0120_ToolToTrackerStatus = OK 
Seq_Frame0120_Timestamp = 95454.100000
Seq_Frame0120_ToolToTracker = 0.217429 -0.974956 -0.0467528 364.589 0.942427 0.197224 0.270065 54.7634 -0.25408 -0.102781 0.961706 -207.957 0 0 0 1 
Seq_Frame0120_UnfilteredTimestamp = 95454.100000
Seq_Frame0121_FrameNumber = 12520
Seq_Frame0121_ToolToTrackerStatus = OK 
Seq_Frame0121_Timestamp = 95454.140000
Seq_Frame0121_ToolToTracker = 0.216725 -0.974647 -0.0556216 363.743 0.943544 0.194507 0.268127 54.7192 -0.25051 -0.110591 0.961777 -207.64 0 0 0 1 
Seq_Frame0121_UnfilteredTimestamp = 95454.140000
Seq_Frame0122_FrameNumber = 12524
Seq_Frame0122_ToolToTrackerStatus = OK 
Seq_Frame0122_Timestamp = 95454.180000
Seq_Frame0122_ToolToTracker = 0.216615 -0.974521 -0.0582026 363.367 0.943797 0.193794 0.267751 54.773 -0.249649 -0.11293 0.961729 -207.684 0 0 0 1 
Seq_Frame0122_UnfilteredTimestamp = 95454.180000
Seq_Frame0123_FrameNumber = 12528
Seq_Frame0123_ToolToTrackerStatus = OK 
Seq_Frame0123_Timestamp = 95454.220000
Seq_Frame0123_ToolToTracker = 0.217577 -0.974137 -0.0609637 363.109 0.94311 0.193737 0.270201 54.7155 -0.251402 -0.116285 0.960872 -207.952 0 0 0 1 
Seq_Frame0123_UnfilteredTimestamp = 95454.220000
Seq_Frame0124_FrameNumber = 12532
Seq_Frame0124_ToolToTrackerStatus = OK 
Seq_Frame0124_Timestamp = 95454.260000
Seq_Frame0124_ToolToTracker = 0.217765 -0.974034 -0.0619439 363.079 0.943072 0.193647 0.270401 54.6302 -0.251384 -0.117301 0.960753 -207.915 0 0 0 1 
Seq_Frame0124_UnfilteredTimestamp = 95454.260000
Seq_Frame0125_FrameNumber = 12536
Seq_Frame0125_ToolToTrackerStatus = OK 
Seq_Frame0125_Timestamp = 95454.300000
Seq_Frame0125_ToolToTracker = 0.217846 -0.973908 -0.0636092 362.996 0.943044 0.193257 0.270777 54.6571 -0.251419 -0.118974 0.960538 -207.906 0 0 0 1 
Seq_Frame0125_UnfilteredTimestamp = 95454.300000
Seq_Frame0126_FrameNumber = 12540
Seq_Frame0126_ToolToTrackerStatus = OK 
Seq_Frame0126_Timestamp = 95454.335000
Seq_Frame0126_ToolToTracker = 0.217901 -0.97373 -0.0661006 362.692 0.943038 0.192619 0.271251 54.6801 -0.251393 -0.121441 0.960236 -207.989 0 0 0 1 
Seq_Frame0126_UnfilteredTimestamp = 95454.335000
Seq_Frame0127_FrameNumber = 12544
Seq_Frame0127_ToolToTrackerStatus = OK 
