ObjectType = Image
NDims = 3
AnatomicalOrientation = RAI
BinaryData = True
BinaryDataByteOrderMSB = False
CenterOfRotation = 0 0 0
CompressedData = False
DimSize = 1 1 918                              
ElementNumberOfChannels = 1
ElementSpacing = 1 1 1
ElementType = MET_UCHAR
Offset = 0 0 0
TransformMatrix = 1 0 0 0 1 0 0 0 1
UltrasoundImageOrientation = MF
Seq_Frame0000_ProbeToTrackerTransform = -0.2876562419249602 -0.8776210093500683 0.3834517576292693 275.8872454717508 0.2336074855909925 -0.4525763495760311 -0.8605824716320268 152.4780162720061 0.9288064540890438 -0.1579747187109421 0.3352052491992564 312.6839092357547 0 0 0 1
Seq_Frame0000_ProbeToTrackerTransformStatus = OK
Seq_Frame0000_ReferenceToTrackerTransform = 0.8282644264119145 -0.02177946455460733 -0.5599140066691105 305.6185546875 0.09454051637525085 0.9903507606708297 0.1013284836667841 -37.5046875 0.5523043822966129 -0.1368613377196913 0.822331346558997 -162.073828125 0 0 0 1
Seq_Frame0000_ReferenceToTrackerTransformStatus = OK
Seq_Frame0000_StylusToTrackerTransform = 0.1320813343099536 -0.4557556263446762 0.8802507200690461 346.13701171875 0.990853764716316 0.08545714967710549 -0.1044312813124893 -69.93585265725028 -0.02762857351376972 0.8859931628541142 0.4628744725099425 -134.391796875 0 0 0 1
Seq_Frame0000_StylusToTrackerTransformStatus = OK
Seq_Frame0000_Timestamp = 1792.688242857141
Seq_Frame0001_ProbeToTrackerTransform = -0.2916309118385871 -0.8772891633950916 0.3812022233011435 276.0408680166881 0.2349894554771673 -0.4520217899312168 -0.8604976799747479 153.2624228240336 0.927217001070806 -0.1613692201658032 0.3379772295707832 315.2771098495168 0 0 0 1
Seq_Frame0001_ProbeToTrackerTransformStatus = OK
Seq_Frame0001_ReferenceToTrackerTransform = 0.82823557460457 -0.02170603622693458 -0.5599595351012007 305.6185546875 0.09448837571020267 0.9903516843076812 0.1013680829678978 -37.5046875 0.5523565694504642 -0.1368663193786332 0.8222954644193659 -162.073828125 0 0 0 1
Seq_Frame0001_ReferenceToTrackerTransformStatus = OK
Seq_Frame0001_StylusToTrackerTransform = 0.132203696396669 -0.4555083040493487 0.8803603623523399 346.13701171875 0.990836670235057 0.08551018250160244 -0.1045499957247616 -69.98642578124999 -0.02765638401097263 0.8861152259331903 0.4626390934549401 -134.4471316286405 0 0 0 1
Seq_Frame0001_StylusToTrackerTransformStatus = OK
Seq_Frame0001_Timestamp = 1792.753628571427
Seq_Frame0002_ProbeToTrackerTransform = -0.2887756874179364 -0.8767841677527936 0.3845232444655846 275.59248046875 0.2314282890112374 -0.4536506696456183 -0.860605610587924 152.2561498312548 0.9290046013888359 -0.1595324202415406 0.3339159437496914 313.4044610312474 0 0 0 1
Seq_Frame0002_ProbeToTrackerTransformStatus = OK
Seq_Frame0002_ReferenceToTrackerTransform = 0.828249387596924 -0.0218310687681248 -0.5599342429087202 305.6185546875 0.09455229635660291 0.9903578512709186 0.1012481588955677 -37.5046875 0.5523249181405935 -0.1368017940762854 0.8223274615008891 -162.073828125 0 0 0 1
Seq_Frame0002_ReferenceToTrackerTransformStatus = OK
Seq_Frame0002_StylusToTrackerTransform = 0.1320596053706814 -0.4554182656813269 0.8804285683195158 346.0868492374995 0.9908541442194681 0.08548750531590493 -0.1044028319441994 -69.8748046875 -0.02771868525824286 0.8861636923947377 0.4625425221197279 -134.4532554874995 0 0 0 1
Seq_Frame0002_StylusToTrackerTransformStatus = OK
Seq_Frame0002_Timestamp = 1792.818914285713
Seq_Frame0003_ProbeToTrackerTransform = -0.2915125908031095 -0.8748557522408645 0.3868434078206969 276.3931159444433 0.2330246790642048 -0.4571729339563943 -0.8583078744860302 154.1411394704832 0.9277499169228114 -0.1600634912426115 0.3371346473160882 314.9561509236134 0 0 0 1
Seq_Frame0003_ProbeToTrackerTransformStatus = OK
Seq_Frame0003_ReferenceToTrackerTransform = 0.8283052621606192 -0.02177802106536919 -0.5598536509441592 305.6185546875 0.09455863022654332 0.9903441774692445 0.1013759123384122 -37.5046875 0.5522400366930198 -0.1369091960068495 0.8223665933888914 -162.073828125 0 0 0 1
Seq_Frame0003_ReferenceToTrackerTransformStatus = OK
Seq_Frame0003_StylusToTrackerTransform = 0.1320377110069478 -0.4555440707864993 0.8803667658671075 346.0715572621533 0.9908586653078633 0.08544082695174465 -0.1043981344379381 -69.8748046875 -0.0276613133521441 0.8861035293130634 0.4626612011856707 -134.391796875 0 0 0 1
Seq_Frame0003_StylusToTrackerTransformStatus = OK
Seq_Frame0003_Timestamp = 1792.884571428569
Seq_Frame0004_ProbeToTrackerTransform = -0.2882301316812888 -0.8797500965380453 0.3781046929519481 275.6063130311073 0.2351982150079721 -0.447808703895846 -0.8626408084319837 151.7628055749715 0.9282269069834437 -0.1597095249395685 0.3359876140507662 313.6270319558505 0 0 0 1
Seq_Frame0004_ProbeToTrackerTransformStatus = OK
Seq_Frame0004_ReferenceToTrackerTransform = 0.8283006632667608 -0.0217422674966424 -0.5598618445973511 305.6185546875 0.09449696299266996 0.9903531954936933 0.101345311487964 -37.5046875 0.5522574899600784 -0.1368496327343809 0.8223647869427891 -162.073828125 0 0 0 1
Seq_Frame0004_ReferenceToTrackerTransformStatus = OK
Seq_Frame0004_StylusToTrackerTransform = 0.1322630469096651 -0.4555753120683344 0.8803167733583244 346.13701171875 0.9908287052435549 0.08554745557583671 -0.1045949793722473 -69.98642578124999 -0.02765796969324273 0.8860771794140395 0.4627118637274256 -134.391796875 0 0 0 1
Seq_Frame0004_StylusToTrackerTransformStatus = OK
Seq_Frame0004_Timestamp = 1792.949914285712
Seq_Frame0005_ProbeToTrackerTransform = -0.2907775101686938 -0.8731938627844463 0.3911277509659374 276.2745297707295 0.230952266418729 -0.4607594313099146 -0.8569491216490138 154.1010156751223 0.9284985138470322 -0.1588496913895059 0.3356445818560329 314.7422536905916 0 0 0 1
Seq_Frame0005_ProbeToTrackerTransformStatus = OK
Seq_Frame0005_ReferenceToTrackerTransform = 0.8283164992398426 -0.02179418730722309 -0.5598363961789816 305.6185546875 0.09452642763721182 0.9903545810051302 0.1013042859917592 -37.5046875 0.5522286949853285 -0.1368313461227758 0.8223871662137187 -162.073828125 0 0 0 1
Seq_Frame0005_ReferenceToTrackerTransformStatus = OK
Seq_Frame0005_StylusToTrackerTransform = 0.1322407969870852 -0.4554977703175984 0.8803602403833996 346.13701171875 0.9908315565811137 0.08553158149264231 -0.1045809497490571 -69.98642578124999 -0.02766221421484257 0.8861185754756887 0.4626323292871655 -134.50341796875 0 0 0 1
Seq_Frame0005_StylusToTrackerTransformStatus = OK
Seq_Frame0005_Timestamp = 1793.015499999996
Seq_Frame0006_ProbeToTrackerTransform = -0.2934782848606285 -0.8764631650799546 0.3816841843373812 276.9356783014107 0.2344836903129751 -0.453067469312095 -0.8600856162198868 153.6415626260059 0.9267620489060137 -0.1629177354039821 0.3384817811911973 317.5695011340714 0 0 0 1
Seq_Frame0006_ProbeToTrackerTransformStatus = OK
Seq_Frame0006_ReferenceToTrackerTransform = 0.8283198971381331 -0.02172649999473721 -0.559833999684774 305.6185546875 0.09443384587093909 0.9903651156536405 0.1012876421404672 -37.5046875 0.5522394378882195 -0.1367658469586991 0.8223908476792367 -162.073828125 0 0 0 1
Seq_Frame0006_ReferenceToTrackerTransformStatus = OK
Seq_Frame0006_StylusToTrackerTransform = 0.1322114014802336 -0.4555463617967462 0.8803395126724577 346.13701171875 0.9908348739967103 0.08554292232787186 -0.1045402358497948 -69.98642578124999 -0.02768389045194897 0.8860925012059158 0.4626809716382215 -134.4674591733869 0 0 0 1
Seq_Frame0006_StylusToTrackerTransformStatus = OK
Seq_Frame0006_Timestamp = 1793.081142857138
Seq_Frame0007_ProbeToTrackerTransform = -0.2901603901885818 -0.8746406828248664 0.3883434355222983 277.0974936855189 0.2310861722920102 -0.4578309729669745 -0.8584812060654217 153.3721816557643 0.9286582411958865 -0.15935644367193 0.3349617812813838 316.1525914593303 0 0 0 1
Seq_Frame0007_ProbeToTrackerTransformStatus = OK
Seq_Frame0007_ReferenceToTrackerTransform = 0.828314015929303 -0.0218375864332103 -0.5598383792076448 305.6185546875 0.09454441829598517 0.9903580863313086 0.1012532162810759 -37.5046875 0.5522293400247259 -0.1367990521054902 0.8223921056034617 -162.073828125 0 0 0 1
Seq_Frame0007_ReferenceToTrackerTransformStatus = OK
Seq_Frame0007_StylusToTrackerTransform = 0.1320353094685362 -0.4556430273899952 0.8803159141151703 346.13701171875 0.9908584068416306 0.08546995568997512 -0.1043767419764551 -69.8748046875 -0.02768202746934707 0.8860498396056701 0.4627627762579361 -134.391796875 0 0 0 1
Seq_Frame0007_StylusToTrackerTransformStatus = OK
Seq_Frame0007_Timestamp = 1793.146642857139
Seq_Frame0008_ProbeToTrackerTransform = -0.2936136753788989 -0.8740244958878924 0.387133297739177 278.8070435198505 0.2361589482053674 -0.458752096428295 -0.8566069490759336 155.4141843609151 0.926293668775205 -0.1600865222639308 0.3411045947746977 319.1987062640849 0 0 0 1
Seq_Frame0008_ProbeToTrackerTransformStatus = OK
Seq_Frame0008_ReferenceToTrackerTransform = 0.8283091193471379 -0.02176765927786194 -0.5598483471583459 305.6185546875 0.0945331102148584 0.9903484543890957 0.101357929942529 -37.5046875 0.5522386204164593 -0.1368799031950713 0.8223724206354647 -162.073828125 0 0 0 1
Seq_Frame0008_ReferenceToTrackerTransformStatus = OK
Seq_Frame0008_StylusToTrackerTransform = 0.1321168898461347 -0.4554706629709645 0.8803928683208279 346.025390625 0.9908477208695858 0.08548182458303202 -0.1044684244808116 -69.8748046875 -0.02767528617614609 0.8861373103750603 0.4625956611300225 -134.4215210170335 0 0 0 1
Seq_Frame0008_StylusToTrackerTransformStatus = OK
Seq_Frame0008_Timestamp = 1793.212299999997
Seq_Frame0009_ProbeToTrackerTransform = -0.2899146038167329 -0.8793565876040784 0.3777320668557251 278.5202468622028 0.238147097954869 -0.4485524392271099 -0.8614445246207584 152.7488921619057 0.9269495575431607 -0.1597895525393354 0.3394581221149643 318.0524125895801 0 0 0 1
Seq_Frame0009_ProbeToTrackerTransformStatus = OK
Seq_Frame0009_ReferenceToTrackerTransform = 0.8283091957819185 -0.02176859615237911 -0.5598481976434916 305.6185546875 0.09450304921249872 0.9903560700316156 0.1013115405127852 -37.5046875 0.5522436508214933 -0.1368246424190039 0.8223782386191042 -162.073828125 0 0 0 1
Seq_Frame0009_ReferenceToTrackerTransformStatus = OK
Seq_Frame0009_StylusToTrackerTransform = 0.1321105902733739 -0.455417761275123 0.8804211802613426 346.1370117187501 0.9908484683267926 0.08547554859290199 -0.1044664702533361 -69.98642578124999 -0.02767859736455996 0.8861651049933625 0.4625422163868215 -134.50341796875 0 0 0 1
Seq_Frame0009_StylusToTrackerTransformStatus = OK
Seq_Frame0009_Timestamp = 1793.277557142854
Seq_Frame0010_ProbeToTrackerTransform = -0.2914756971220185 -0.8752196274207482 0.3860473050867215 279.4343172162439 0.2367044480678059 -0.4570113895477106 -0.8573864904980637 154.797316311068 0.9268295000981298 -0.1585282107423078 0.34037609220786 318.7052808692718 0 0 0 1
Seq_Frame0010_ProbeToTrackerTransformStatus = OK
Seq_Frame0010_ReferenceToTrackerTransform = 0.8283361236330825 -0.02171003950961623 -0.5598106291139975 305.6185546875 0.09452519987663205 0.9903387654713838 0.101459924072998 -37.5046875 0.5521994683742476 -0.1369591318207978 0.8223855198981145 -162.096448218392 0 0 0 1
Seq_Frame0010_ReferenceToTrackerTransformStatus = OK
Seq_Frame0010_StylusToTrackerTransform = 0.1321447743955378 -0.4555262795696309 0.8803599077771563 346.13701171875 0.9908440514553472 0.0854999590662355 -0.1044883854561152 -69.98642578124999 -0.02767353059343999 0.8861069718838256 0.4626538771947896 -134.50341796875 0 0 0 1
Seq_Frame0010_StylusToTrackerTransformStatus = OK
Seq_Frame0010_Timestamp = 1793.342957142853
Seq_Frame0011_ProbeToTrackerTransform = -0.2893775548654857 -0.8823187260863649 0.37117960118709 279.96496962551 0.2446053947520434 -0.4430571382235268 -0.8624781580581481 153.1361848063794 0.9254344015640816 -0.1587892876314807 0.3440307116162991 319.3207268996193 0 0 0 1
Seq_Frame0011_ProbeToTrackerTransformStatus = OK
Seq_Frame0011_ReferenceToTrackerTransform = 0.8283269311186738 -0.02172886968745625 -0.5598235002262997 305.6185546875 0.09453969405569349 0.9903389962994375 0.1014441652165324 -37.5046875 0.5522107762724086 -0.1369544764902878 0.8223787022642887 -162.073828125 0 0 0 1
Seq_Frame0011_ReferenceToTrackerTransformStatus = OK
Seq_Frame0011_StylusToTrackerTransform = 0.1322472455409818 -0.4555337011117165 0.8803406801905068 346.13701171875 0.9908280095095112 0.08562478405578153 -0.1045382797200166 -69.98642578124999 -0.02775827116812095 0.8860911033899742 0.4626791921784413 -134.391796875 0 0 0 1
Seq_Frame0011_StylusToTrackerTransformStatus = OK
Seq_Frame0011_Timestamp = 1793.408685714281
Seq_Frame0012_ProbeToTrackerTransform = -0.2853071586158936 -0.8818732875080633 0.3753655951499099 280.4296179010062 0.2443471004158586 -0.4456290670568057 -0.8612254229366682 152.9583288385062 0.9267655149825588 -0.1539942835750784 0.3426243436554247 317.1529577447562 0 0 0 1
Seq_Frame0012_ProbeToTrackerTransformStatus = OK
Seq_Frame0012_ReferenceToTrackerTransform = 0.8282768671627956 -0.02178484449262623 -0.559895393688336 305.6185546875 0.09458193360710247 0.990340910258803 0.1013860902831696 -37.5046875 0.5522786336244833 -0.1369317421863808 0.8223369192877553 -162.073828125 0 0 0 1
Seq_Frame0012_ReferenceToTrackerTransformStatus = OK
Seq_Frame0012_StylusToTrackerTransform = 0.1322303191264151 -0.4557233540951825 0.8802450608983634 346.13701171875 0.9908298543158919 0.08565256349905456 -0.1044980294665361 -69.98642578124999 -0.02777305348849912 0.8859908932366503 0.4628701703519548 -134.391796875 0 0 0 1
Seq_Frame0012_StylusToTrackerTransformStatus = OK
Seq_Frame0012_Timestamp = 1793.474357142851
Seq_Frame0013_ProbeToTrackerTransform = -0.2869992946618859 -0.8870160936092023 0.3617096273834178 281.3470414142693 0.2541247727286218 -0.4345658395717768 -0.8640446348209699 152.9697801242363 0.9236081445879558 -0.1560608238974397 0.3501328526363186 318.6406359615581 0 0 0 1
Seq_Frame0013_ProbeToTrackerTransformStatus = OK
Seq_Frame0013_ReferenceToTrackerTransform = 0.8283095701003718 -0.02175444377689972 -0.5598481939384062 305.6185546874999 0.09454094832698423 0.9903440981090802 0.1013931774329391 -37.5046875 0.5522366025261023 -0.1369135183846748 0.8223681799011665 -162.073828125 0 0 0 1
Seq_Frame0013_ReferenceToTrackerTransformStatus = OK
Seq_Frame0013_StylusToTrackerTransform = 0.13233452366757 -0.4556948607193767 0.8802441523575292 346.13701171875 0.9908153494449405 0.08571707932227377 -0.1045826257882216 -69.98642578124999 -0.02779419273836764 0.8859993093825788 0.4628527915262212 -134.391796875 0 0 0 1
Seq_Frame0013_StylusToTrackerTransformStatus = OK
Seq_Frame0013_Timestamp = 1793.540171428565
Seq_Frame0014_ProbeToTrackerTransform = -0.2800261264524046 -0.8923130254557473 0.3540661422758079 280.0502106417804 0.2534882123323797 -0.4244604108182878 -0.869239372012396 149.4201592071962 0.9259206740928708 -0.1536581408516355 0.3450508383375162 314.6790078743949 0 0 0 1
Seq_Frame0014_ProbeToTrackerTransformStatus = OK
Seq_Frame0014_ReferenceToTrackerTransform = 0.8282759933731081 -0.02179508659810244 -0.5598962877194059 305.6185546875 0.09458190398950876 0.9903428113000509 0.1013675467989182 -37.50468749999999 0.5522799491557792 -0.1369163624498283 0.8223385965975311 -162.0809417019696 0 0 0 1
Seq_Frame0014_ReferenceToTrackerTransformStatus = OK
Seq_Frame0014_StylusToTrackerTransform = 0.1321425609434221 -0.4555764814024749 0.8803342621869572 346.13701171875 0.9908414422305016 0.08559769931591479 -0.1044330897292697 -69.98642578124999 -0.02777732791132735 0.8860717259143092 0.4627151570775954 -134.50341796875 0 0 0 1
Seq_Frame0014_StylusToTrackerTransformStatus = OK
Seq_Frame0014_Timestamp = 1793.605657142851
Seq_Frame0015_ProbeToTrackerTransform = -0.2820083964030209 -0.8886281602679392 0.3616783890931476 279.8226532503311 0.2541191627569384 -0.4326997119150866 -0.8649823179859307 151.6724946005961 0.9251457806626527 -0.1520228669885514 0.3478423959707498 313.76689453125 0 0 0 1
Seq_Frame0015_ProbeToTrackerTransformStatus = OK
Seq_Frame0015_ReferenceToTrackerTransform = 0.8284179613704262 -0.0216683972124539 -0.5596911307508014 305.6185546875 0.09445510418228753 0.990344922926509 0.1014651020183813 -37.50468749999999 0.5520886836123164 -0.1369211970292789 0.8224662128204958 -162.1831634625662 0 0 0 1
Seq_Frame0015_ReferenceToTrackerTransformStatus = OK
Seq_Frame0015_StylusToTrackerTransform = 0.1320052062279234 -0.4554967014647655 0.880396149743649 346.13701171875 0.9908618795463969 0.08545568159825542 -0.1043554605392505 -69.8748046875 -0.02770128499735829 0.8861264477698969 0.462614912613287 -134.50341796875 0 0 0 1
Seq_Frame0015_StylusToTrackerTransformStatus = OK
Seq_Frame0015_Timestamp = 1793.670914285709
Seq_Frame0016_ProbeToTrackerTransform = -0.2797495134227762 -0.8937663624640091 0.3506021948983974 278.1889007842422 0.254182242334916 -0.4211010740479109 -0.8706694396367027 148.6230325838101 0.9258140188079431 -0.1544525000236309 0.3449823587013347 312.3536960195148 0 0 0 1
Seq_Frame0016_ProbeToTrackerTransformStatus = OK
Seq_Frame0016_ReferenceToTrackerTransform = 0.8283225074862807 -0.02169000099648592 -0.559831552744585 305.6185546875 0.09446532683393001 0.9903505916312503 0.1014002351170422 -37.5046875 0.5522301382737086 -0.1368767676138105 0.8223786383836801 -162.073828125 0 0 0 1
Seq_Frame0016_ReferenceToTrackerTransformStatus = OK
Seq_Frame0016_StylusToTrackerTransform = 0.1321152777097525 -0.4554882589441912 0.8803840067604958 346.13701171875 0.9908479846158902 0.08548159270034667 -0.1044661126492267 -69.98351226532579 -0.02767353931653599 0.8861282882706102 0.4626130477497307 -134.50341796875 0 0 0 1
Seq_Frame0016_StylusToTrackerTransformStatus = OK
Seq_Frame0016_Timestamp = 1793.736228571425
Seq_Frame0017_ProbeToTrackerTransform = -0.2802215571676862 -0.8864025798783487 0.3684648494544968 277.2806353920038 0.2445193558793004 -0.4370933772011901 -0.8655400997107127 150.2221473697145 0.9282705227997329 -0.1524462068792332 0.339225574668604 310.5160442954963 0 0 0 1
Seq_Frame0017_ProbeToTrackerTransformStatus = OK
Seq_Frame0017_ReferenceToTrackerTransform = 0.8282883206868948 -0.02179904794870653 -0.5598778967973407 305.6185546875 0.0945771718251477 0.990344148335481 0.1013588991022854 -37.5046875 0.5522622713740638 -0.1369060603706088 0.822352183830358 -162.073828125 0 0 0 1
Seq_Frame0017_ReferenceToTrackerTransformStatus = OK
Seq_Frame0017_StylusToTrackerTransform = 0.1321173189618706 -0.4556067947525048 0.8803223628908199 346.13701171875 0.990846289907364 0.08554212285448723 -0.1044326337614819 -69.8748046875 -0.02772442618232803 0.886061506777547 0.4627378981669471 -134.391796875 0 0 0 1
Seq_Frame0017_StylusToTrackerTransformStatus = OK
Seq_Frame0017_Timestamp = 1793.801514285709
Seq_Frame0018_ProbeToTrackerTransform = -0.2828254795313921 -0.8888917078309224 0.3603904547532642 277.4787193366889 0.2488900428779697 -0.430872745995712 -0.8674113345549026 150.2775275292944 0.9263171674345893 -0.1556284309101043 0.3430980862791547 312.3482033255722 0 0 0 1
Seq_Frame0018_ProbeToTrackerTransformStatus = OK
Seq_Frame0018_ReferenceToTrackerTransform = 0.8283176154730647 -0.02174255059406505 -0.5598367524472475 305.6185546875 0.09452714650352881 0.9903450046289909 0.1013971911854779 -37.5046875 0.5522268976344021 -0.1369088503350622 0.8223754739953125 -162.073828125 0 0 0 1
Seq_Frame0018_ReferenceToTrackerTransformStatus = OK
Seq_Frame0018_StylusToTrackerTransform = 0.1322457584602509 -0.4555762943199841 0.8803188623578074 346.0367103508111 0.9908283046752306 0.08562605641305598 -0.1045344398634085 -69.97510605543889 -0.02775481982793994 0.886069082248568 0.4627215701255987 -134.391796875 0 0 0 1
Seq_Frame0018_StylusToTrackerTransformStatus = OK
Seq_Frame0018_Timestamp = 1793.866757142852
Seq_Frame0019_ProbeToTrackerTransform = -0.2783877312427488 -0.8888813184744701 0.3638547412919098 276.9467203881009 0.2448711164888785 -0.4319964793910694 -0.8679960703270558 148.895865801443 0.9287294586708256 -0.1525419400060484 0.3379238806834846 310.1721192036052 0 0 0 1
Seq_Frame0019_ProbeToTrackerTransformStatus = OK
Seq_Frame0019_ReferenceToTrackerTransform = 0.8283176154730647 -0.02174255059406505 -0.5598367524472475 305.6185546875 0.09452714650352881 0.9903450046289909 0.1013971911854779 -37.50468749999999 0.5522268976344021 -0.1369088503350622 0.8223754739953125 -162.1706624243991 0 0 0 1
Seq_Frame0019_ReferenceToTrackerTransformStatus = OK
Seq_Frame0019_StylusToTrackerTransform = 0.1324130828975501 -0.4555995068444244 0.880281696299931 346.1222249243991 0.9908053657225207 0.08572635678286558 -0.1046695705933629 -69.98642578124999 -0.02777593802248016 0.8860474485691238 0.4627617271891845 -134.50341796875 0 0 0 1
Seq_Frame0019_StylusToTrackerTransformStatus = OK
Seq_Frame0019_Timestamp = 1793.932257142853
Seq_Frame0020_ProbeToTrackerTransform = -0.284516621626248 -0.882024496030582 0.3756102773093201 276.8203125 0.2415783320917941 -0.4451232191214379 -0.8622674928713915 152.1947854669626 0.9277339066144631 -0.1545901297009815 0.339722961127005 312.1100939028738 0 0 0 1
Seq_Frame0020_ProbeToTrackerTransformStatus = OK
Seq_Frame0020_ReferenceToTrackerTransform = 0.8283222238338259 -0.02175394190997473 -0.5598294914653592 305.6185546875 0.09453047030548402 0.990346036762224 0.1013840108359295 -37.5046875 0.5522194162530048 -0.1368995744359102 0.8223820418956493 -162.0924956251986 0 0 0 1
Seq_Frame0020_ReferenceToTrackerTransformStatus = OK
Seq_Frame0020_StylusToTrackerTransform = 0.1321798369719067 -0.4554981134565669 0.8803692176215551 346.13701171875 0.9908360640933019 0.08561887353278158 -0.1044667535011599 -69.98642578124999 -0.02779181156698327 0.8861099689838088 0.4626410466845102 -134.50341796875 0 0 0 1
Seq_Frame0020_StylusToTrackerTransformStatus = OK
Seq_Frame0020_Timestamp = 1793.997457142854
Seq_Frame0021_ProbeToTrackerTransform = -0.2843288024578383 -0.8824662644219011 0.3747137897784745 276.2200858637823 0.2373131200358032 -0.4434637466403683 -0.8643045692778442 150.9390975088145 0.928891605706373 -0.1568221845688374 0.3355103385520237 312.8086379716881 0 0 0 1
Seq_Frame0021_ProbeToTrackerTransformStatus = OK
Seq_Frame0021_ReferenceToTrackerTransform = 0.8282957648963257 -0.02174210514433438 -0.5598690978422579 305.6185546875 0.09450475143428233 0.9903514557877655 0.1013550490868524 -37.5046875 0.5522635039645075 -0.1368622478368175 0.8223586488302401 -162.073828125 0 0 0 1
Seq_Frame0021_ReferenceToTrackerTransformStatus = OK
Seq_Frame0021_StylusToTrackerTransform = 0.1321160853679657 -0.455522536765816 0.8803661502383429 346.13701171875 0.990846668917669 0.08552468996335103 -0.1044433152548882 -69.98642578124999 -0.02771675814022463 0.8861065093458622 0.4626521754116021 -134.4149635170941 0 0 0 1
Seq_Frame0021_StylusToTrackerTransformStatus = OK
Seq_Frame0021_Timestamp = 1794.062828571425
Seq_Frame0022_ProbeToTrackerTransform = -0.2880190401731647 -0.8734039445232279 0.3926965523008767 277.4467004153421 0.2314054169450093 -0.4613982953248095 -0.856483009802218 154.2781685620958 0.929245158989938 -0.1558113049898059 0.3350018981007992 315.2663635729728 0 0 0 1
Seq_Frame0022_ProbeToTrackerTransformStatus = OK
Seq_Frame0022_ReferenceToTrackerTransform = 0.8282503424758232 -0.02179928768643292 -0.5599340686590217 305.6185546875 0.09458246430196686 0.9903445839729292 0.1013497037097466 -37.5046875 0.5523183209302849 -0.1369028708678178 0.8223150711940654 -162.073828125 0 0 0 1
Seq_Frame0022_ReferenceToTrackerTransformStatus = OK
Seq_Frame0022_StylusToTrackerTransform = 0.1321314305413205 -0.4555774430004566 0.8803354352133455 346.025390625 0.9908426408745106 0.08560169319086797 -0.1044184425649145 -69.95941135779229 -0.02778751676436823 0.8860708456732015 0.4627162309234978 -134.391796875 0 0 0 1
Seq_Frame0022_StylusToTrackerTransformStatus = OK
Seq_Frame0022_Timestamp = 1794.128057142854
Seq_Frame0023_ProbeToTrackerTransform = -0.2898319420085306 -0.8813960320450934 0.3730127076745892 280.2106785925707 0.2451309401852428 -0.4451040923503995 -0.8612741544577 153.8420217211085 0.9251531049266725 -0.1581878050549152 0.3450628214926169 319.5525324994759 0 0 0 1
Seq_Frame0023_ProbeToTrackerTransformStatus = OK
Seq_Frame0023_ReferenceToTrackerTransform = 0.8283116441447237 -0.02171836676112674 -0.5598465260403909 305.6185546875 0.0945282296311435 0.9903406232630502 0.1014389654805065 -37.5046875 0.5522356688743192 -0.1369443772492422 0.8223636686787366 -162.073828125 0 0 0 1
Seq_Frame0023_ReferenceToTrackerTransformStatus = OK
Seq_Frame0023_StylusToTrackerTransform = 0.1323508668874142 -0.4556039653514415 0.8802887451229811 346.13701171875 0.9908128701968446 0.08572340643345355 -0.1046009265816306 -69.98642578124999 -0.02780475294694627 0.886045441467585 0.4627638397369352 -134.391796875 0 0 0 1
Seq_Frame0023_StylusToTrackerTransformStatus = OK
Seq_Frame0023_Timestamp = 1794.193157142854
Seq_Frame0024_ProbeToTrackerTransform = -0.2813987164575526 -0.8893903219447474 0.3602771400006676 280.6912117725209 0.250427950917442 -0.4305030293715861 -0.8671522260256147 150.4693384425626 0.9263371976636442 -0.153792057444154 0.3438711957866796 316.3127049152401 0 0 0 1
Seq_Frame0024_ProbeToTrackerTransformStatus = OK
Seq_Frame0024_ReferenceToTrackerTransform = 0.8283026965674109 -0.02172922262417291 -0.5598593428204134 305.6185546875 0.09452985024790012 0.990342590124083 0.101418250815288 -37.5046875 0.5522488119238155 -0.1369284304681545 0.8223574980859981 -162.1475581762396 0 0 0 1
Seq_Frame0024_ReferenceToTrackerTransformStatus = OK
Seq_Frame0024_StylusToTrackerTransform = 0.1321666068179003 -0.4556243415977409 0.8803058828531524 346.13701171875 0.9908382381914702 0.08561458127294513 -0.1044496491668673 -69.98642578124999 -0.02777721692081394 0.886045485749509 0.4627654086068347 -134.4655269262396 0 0 0 1
Seq_Frame0024_StylusToTrackerTransformStatus = OK
Seq_Frame0024_Timestamp = 1794.258528571425
Seq_Frame0025_ProbeToTrackerTransform = -0.2827210130736311 -0.889617167798049 0.3586783008847871 279.3435152389607 0.2519983201409644 -0.4296860357825362 -0.8671025068004482 150.8169823253652 0.925508333518803 -0.154761769867326 0.345663303193702 314.3418846691152 0 0 0 1
Seq_Frame0025_ProbeToTrackerTransformStatus = OK
Seq_Frame0025_ReferenceToTrackerTransform = 0.8283929982205011 -0.02174911212703336 -0.5597249472919131 305.6185546875 0.094520421023051 0.9903444749681833 0.1014086333090953 -37.5046875 0.552114961315915 -0.1369116394675014 0.8224501641251261 -162.18544921875 0 0 0 1
Seq_Frame0025_ReferenceToTrackerTransformStatus = OK
Seq_Frame0025_StylusToTrackerTransform = 0.1321163309472588 -0.4555648419355028 0.8803442223865133 346.13701171875 0.9908473881250269 0.08550577322568712 -0.1044519803110014 -69.98642578124999 -0.02768986353969342 0.8860865858014995 0.4626919427867698 -134.50341796875 0 0 0 1
Seq_Frame0025_StylusToTrackerTransformStatus = OK
Seq_Frame0025_Timestamp = 1794.32368571428
Seq_Frame0026_ProbeToTrackerTransform = -0.2814981198627122 -0.8909892526605086 0.3562259959032004 276.8404377593739 0.245688050733904 -0.4257878850499379 -0.8708283749805558 148.4432433585929 0.927575436414922 -0.1576160797259265 0.3387639018128964 312.5286891479151 0 0 0 1
Seq_Frame0026_ProbeToTrackerTransformStatus = OK
Seq_Frame0026_ReferenceToTrackerTransform = 0.828264357297268 -0.02173624257233318 -0.5599157884805359 305.6185546875 0.0945184976411569 0.9903483968655334 0.1013721186003648 -37.5046875 0.552308254541431 -0.1368853117931376 0.8223247554225115 -162.073828125 0 0 0 1
Seq_Frame0026_ReferenceToTrackerTransformStatus = OK
Seq_Frame0026_StylusToTrackerTransform = 0.1321989644732786 -0.4556937905841265 0.8802650754262964 346.13701171875 0.9908368555897228 0.08554426920747649 -0.1045203502234373 -69.98642578124999 -0.02767235799970815 0.8860165614867643 0.4628270663799892 -134.391796875 0 0 0 1
Seq_Frame0026_StylusToTrackerTransformStatus = OK
Seq_Frame0026_Timestamp = 1794.388842857136
Seq_Frame0027_ProbeToTrackerTransform = -0.2841107501831003 -0.8814111927345903 0.3773531382572336 275.9871184553889 0.2347951683082566 -0.4455478671890711 -0.8639203244410723 150.9031657776129 0.9295979295208727 -0.1568483578666245 0.3335360281364668 312.2078510495843 0 0 0 1
Seq_Frame0027_ProbeToTrackerTransformStatus = OK
Seq_Frame0027_ReferenceToTrackerTransform = 0.8282353961599777 -0.02171981537887414 -0.5599592647395278 305.6185546875 0.09446921110519073 0.9903589338234178 0.1013151042505827 -37.5046875 0.5523601150525697 -0.1368116654969566 0.822302177720004 -162.073828125 0 0 0 1
Seq_Frame0027_ReferenceToTrackerTransformStatus = OK
Seq_Frame0027_StylusToTrackerTransform = 0.1321740175617079 -0.4556165260516077 0.880308815286012 346.13701171875 0.990837274259504 0.08561635271269671 -0.1044573409874652 -69.98642578124999 -0.02777633920432631 0.8860493334667318 0.4627580940875767 -134.391796875 0 0 0 1
Seq_Frame0027_StylusToTrackerTransformStatus = OK
Seq_Frame0027_Timestamp = 1794.454285714281
Seq_Frame0028_ProbeToTrackerTransform = -0.2882285673810363 -0.8804897906065652 0.3763801556712072 276.5970703125 0.2360662669525055 -0.4462667951833385 -0.8632025632051266 152.1445530070732 0.928007009969528 -0.1599489798479471 0.336480777003705 315.4383525227439 0 0 0 1
Seq_Frame0028_ProbeToTrackerTransformStatus = OK
Seq_Frame0028_ReferenceToTrackerTransform = 0.8282984570004035 -0.02166689820278831 -0.5598680305688305 305.6185546875 0.09447551709316433 0.9903449602756757 0.1014457309429516 -37.5046875 0.5522644681678609 -0.1369211641012467 0.8223481939059814 -162.1292813700305 0 0 0 1
Seq_Frame0028_ReferenceToTrackerTransformStatus = OK
Seq_Frame0028_StylusToTrackerTransform = 0.1322312370297131 -0.4555861620247328 0.8803159369937397 346.13701171875 0.9908307401596109 0.08560451711752498 -0.1045289959955277 -69.98642578124999 -0.02773705659130948 0.8860660898717711 0.462728365319224 -134.50341796875 0 0 0 1
Seq_Frame0028_StylusToTrackerTransformStatus = OK
Seq_Frame0028_Timestamp = 1794.519614285708
Seq_Frame0029_ProbeToTrackerTransform = -0.2871766385430783 -0.8786659495379164 0.3814128044491029 276.9027462832758 0.2314579622230137 -0.4500397346119119 -0.8624914196639928 151.7171255685772 0.9294927595192271 -0.1594063561877988 0.3326151283514636 315.797832903405 0 0 0 1
Seq_Frame0029_ProbeToTrackerTransformStatus = OK
Seq_Frame0029_ReferenceToTrackerTransform = 0.8283175116422157 -0.02177049578781089 -0.5598358200579887 305.6185546875 0.09453185339652756 0.9903489028445404 0.1013547203046436 -37.5046875 0.5522262476560357 -0.1368762073837818 0.8223813441779712 -162.1345032236207 0 0 0 1
Seq_Frame0029_ReferenceToTrackerTransformStatus = OK
Seq_Frame0029_StylusToTrackerTransform = 0.1322381098192047 -0.4556893786466474 0.8802614796184576 346.13701171875 0.9908293047817183 0.08563654996566766 -0.1045163628134573 -69.98642578124999 -0.02775555975332677 0.8860099161401129 0.4628348057397685 -134.4524719736207 0 0 0 1
Seq_Frame0029_StylusToTrackerTransformStatus = OK
Seq_Frame0029_Timestamp = 1794.585014285709
Seq_Frame0030_ProbeToTrackerTransform = -0.2914920832887555 -0.8751373535595961 0.3862214103136795 278.4468732434476 0.2329891577167086 -0.456549235528417 -0.8586494324955188 154.4357424802587 0.9277652816129949 -0.1603041108116828 0.3369780026803467 318.7422793010752 0 0 0 1
Seq_Frame0030_ProbeToTrackerTransformStatus = OK
Seq_Frame0030_ReferenceToTrackerTransform = 0.8283008147323405 -0.02177698216478235 -0.559860271283412 305.6185546875 0.09455868219498029 0.9903441761167945 0.1013758770768287 -37.5046875 0.5522466984376544 -0.1369093710428264 0.8223620906786547 -162.073828125 0 0 0 1
Seq_Frame0030_ReferenceToTrackerTransformStatus = OK
Seq_Frame0030_StylusToTrackerTransform = 0.1321696229426106 -0.4557959202452184 0.8802166039441784 346.13701171875 0.9908388819067325 0.08560297124739549 -0.104453058430252 -69.98642578124999 -0.02773987874926931 0.8859583570357198 0.4629344324259579 -134.391796875 0 0 0 1
Seq_Frame0030_StylusToTrackerTransformStatus = OK
Seq_Frame0030_Timestamp = 1794.650571428567
Seq_Frame0031_ProbeToTrackerTransform = -0.2888628268824606 -0.8805052264012425 0.3758574377680594 278.9164622323378 0.2369133289554692 -0.4461263789171361 -0.8630430630029544 152.3686100441554 0.9275938452839753 -0.160255422106027 0.3374727513102473 318.9130989945608 0 0 0 1
Seq_Frame0031_ProbeToTrackerTransformStatus = OK
Seq_Frame0031_ReferenceToTrackerTransform = 0.8283205513071802 -0.02173586328573997 -0.5598326683299153 305.6185546875 0.09448934566514332 0.990353031575853 0.1013540152351687 -37.5046875 0.5522289632371181 -0.1368518362892562 0.8223835766029842 -162.073828125 0 0 0 1
Seq_Frame0031_ReferenceToTrackerTransformStatus = OK
Seq_Frame0031_StylusToTrackerTransform = 0.1322059720367548 -0.4558202627435498 0.8801985395524228 346.13701171875 0.9908351566537639 0.08558702774263632 -0.1045014498516273 -69.98642578124999 -0.02769969849525057 0.8859473735807237 0.4629578576379169 -134.391796875 0 0 0 1
Seq_Frame0031_StylusToTrackerTransformStatus = OK
Seq_Frame0031_Timestamp = 1794.716199999994
Seq_Frame0032_ProbeToTrackerTransform = -0.2893169124817839 -0.8775876955101029 0.3822768118017033 280.2042496205948 0.2376635972009856 -0.4527066227104332 -0.8594025414900759 154.0234385491465 0.927260340313062 -0.1577864076635898 0.3395463309168926 319.4410547378168 0 0 0 1
Seq_Frame0032_ProbeToTrackerTransformStatus = OK
Seq_Frame0032_ReferenceToTrackerTransform = 0.8282376755425301 -0.02179235665615218 -0.559953074822594 305.6185546875 0.09460730309854479 0.9903377398647012 0.1013933883450768 -37.5046875 0.552333061668706 -0.1369534745490108 0.8222967437589832 -162.073828125 0 0 0 1
Seq_Frame0032_ReferenceToTrackerTransformStatus = OK
Seq_Frame0032_StylusToTrackerTransform = 0.1321669893116983 -0.4558457106477333 0.8801912150324747 346.13701171875 0.9908386913600104 0.08562494007515062 -0.1044368581541427 -69.98642578124999 -0.02775922621873803 0.8859306167647608 0.4629863579400014 -134.391796875 0 0 0 1
Seq_Frame0032_StylusToTrackerTransformStatus = OK
Seq_Frame0032_Timestamp = 1794.781914285708
Seq_Frame0033_ProbeToTrackerTransform = -0.288213327488045 -0.8863117557520153 0.3624700670042271 281.2105832510218 0.248699306464246 -0.4348276002837737 -0.865490388736731 152.212454947207 0.9247062954378932 -0.1592998105687348 0.3457482285280624 320.5745892264134 0 0 0 1
Seq_Frame0033_ProbeToTrackerTransformStatus = OK
Seq_Frame0033_ReferenceToTrackerTransform = 0.828316413241618 -0.02177429684806173 -0.5598372973921206 305.6185546875 0.0945329161322148 0.9903493768615564 0.1013490972701115 -37.5046875 0.5522277132869019 -0.1368721730181097 0.8223810314758115 -162.1111146244891 0 0 0 1
Seq_Frame0033_ReferenceToTrackerTransformStatus = OK
Seq_Frame0033_StylusToTrackerTransform = 0.1321870745215587 -0.455694906533513 0.8802662832852596 346.13701171875 0.9908356558150347 0.08562785582602336 -0.1044632637448589 -69.98642578124999 -0.02777193718526059 0.8860079133202201 0.4628376573259 -134.50341796875 0 0 0 1
Seq_Frame0033_StylusToTrackerTransformStatus = OK
Seq_Frame0033_Timestamp = 1794.847614285709
Seq_Frame0034_ProbeToTrackerTransform = -0.2844173620433845 -0.8869340043316204 0.3639434518281098 281.0477757101364 0.2470535150865916 -0.4346069466922556 -0.8660723772123172 151.157534374667 0.9263213939295808 -0.1564125117984881 0.3427299247238943 318.0876229403712 0 0 0 1
Seq_Frame0034_ProbeToTrackerTransformStatus = OK
Seq_Frame0034_ReferenceToTrackerTransform = 0.8283150639661157 -0.02180992033577261 -0.5598379070603894 305.6185546875 0.09453939033184723 0.990354280271466 0.1012951293185875 -37.5046875 0.5522286288146356 -0.1368310159391283 0.8223872655839059 -162.1529549716212 0 0 0 1
Seq_Frame0034_ReferenceToTrackerTransformStatus = OK
Seq_Frame0034_StylusToTrackerTransform = 0.1320373736800966 -0.4557194713282483 0.8802760336417007 346.13701171875 0.99085822642434 0.08547696026144644 -0.1043727186178204 -69.98642578124999 -0.02767863939709021 0.8860098491082168 0.4628395404504253 -134.4709237216212 0 0 0 1
Seq_Frame0034_StylusToTrackerTransformStatus = OK
Seq_Frame0034_Timestamp = 1794.912928571423
Seq_Frame0035_ProbeToTrackerTransform = -0.2861392624832783 -0.8900991059973932 0.354750481279683 281.1435938757488 0.2549703025726306 -0.427612462595236 -0.8672587426133328 151.4616801904952 0.9236419583754013 -0.1577059394438873 0.3493055530514427 318.5617151455471 0 0 0 1
Seq_Frame0035_ProbeToTrackerTransformStatus = OK
Seq_Frame0035_ReferenceToTrackerTransform = 0.828326718721751 -0.02159762292686043 -0.5598288932661177 305.6185546875 0.09441599133316653 0.990345893271578 0.1014920305279956 -37.5046875 0.5522322587754471 -0.1369253605583324 0.8223691251522871 -162.073828125 0 0 0 1
Seq_Frame0035_ReferenceToTrackerTransformStatus = OK
Seq_Frame0035_StylusToTrackerTransform = 0.1321415676052198 -0.4557898711613622 0.8802239484685382 346.1370117187501 0.9908447960566976 0.0855195862903595 -0.1044652597186601 -69.98642578124999 -0.02766218064788972 0.8859695218840401 0.4629177141289463 -134.391796875 0 0 0 1
Seq_Frame0035_StylusToTrackerTransformStatus = OK
Seq_Frame0035_Timestamp = 1794.978142857138
Seq_Frame0036_ProbeToTrackerTransform = -0.2796393126672597 -0.894006032481533 0.3500786607287147 279.9373888825751 0.2533660704614164 -0.4204146640063305 -0.8712388562428703 148.5363301316299 0.926070995739486 -0.1549345803075359 0.3440752630966147 314.9697838352253 0 0 0 1
Seq_Frame0036_ProbeToTrackerTransformStatus = OK
Seq_Frame0036_ReferenceToTrackerTransform = 0.8282744109071665 -0.02175128646755069 -0.5599003319997167 305.6185546875 0.09453854430506781 0.990345700702057 0.1013797649515453 -37.5046875 0.5522897463080997 -0.1369024274363256 0.8223343368028461 -162.073828125 0 0 0 1
Seq_Frame0036_ReferenceToTrackerTransformStatus = OK
Seq_Frame0036_StylusToTrackerTransform = 0.1321923553213444 -0.4557410297690457 0.8802416117064937 346.025390625 0.9908351244530805 0.08563028757905827 -0.1044663103549484 -69.98642578124999 -0.02776575849214385 0.8859839545015349 0.4628838893515074 -134.391796875 0 0 0 1
Seq_Frame0036_StylusToTrackerTransformStatus = OK
Seq_Frame0036_Timestamp = 1795.043628571425
Seq_Frame0037_ProbeToTrackerTransform = -0.2826263884970098 -0.8902142155305086 0.3572687713648343 279.6601607921343 0.2522461554455441 -0.4283192077358182 -0.8677064787976999 150.6339639352749 0.9254697194333694 -0.1551170743405186 0.3456074241968167 314.8545512354875 0 0 0 1
Seq_Frame0037_ProbeToTrackerTransformStatus = OK
Seq_Frame0037_ReferenceToTrackerTransform = 0.8283217082512235 -0.0218048496459921 -0.5598282738230455 305.6185546875 0.09457781270958859 0.9903435412470336 0.1013642326136544 -37.5046875 0.5522120833365067 -0.1369095279452848 0.8223853088272883 -162.0945948401219 0 0 0 1
Seq_Frame0037_ReferenceToTrackerTransformStatus = OK
Seq_Frame0037_StylusToTrackerTransform = 0.1322198838558737 -0.4557169041090021 0.8802499676923856 346.025390625 0.9908314685928289 0.08563981755714925 -0.1044931696090995 -69.98642578124999 -0.02776514288306674 0.8859954429668837 0.4628619360917445 -134.391796875 0 0 0 1
Seq_Frame0037_StylusToTrackerTransformStatus = OK
Seq_Frame0037_Timestamp = 1795.109271428568
Seq_Frame0038_ProbeToTrackerTransform = -0.2797017832108232 -0.8957556555000383 0.345526725606547 278.838144248446 0.254439182340755 -0.4161815778645573 -0.8729568126407714 147.8293031968807 0.9257578597875652 -0.156252039621452 0.3443220660307474 313.6812296203381 0 0 0 1
Seq_Frame0038_ProbeToTrackerTransformStatus = OK
Seq_Frame0038_ReferenceToTrackerTransform = 0.828365763363067 -0.02175859644552326 -0.5597648841867842 305.6185546875 0.09449981808189037 0.990352523334765 0.1013492175941835 -37.5046875 0.5521593488028729 -0.1368519017229369 0.8224303073965615 -162.18544921875 0 0 0 1
Seq_Frame0038_ReferenceToTrackerTransformStatus = OK
Seq_Frame0038_StylusToTrackerTransform = 0.1322145754085469 -0.4557059327092675 0.8802564449881151 346.13701171875 0.990830617604082 0.08568572910369321 -0.1044635967516051 -69.98642578124999 -0.02782073449517669 0.8859966471277108 0.4628562930441842 -134.4089583804673 0 0 0 1
