ObjectType = Image
NDims = 3
BinaryData = True
BinaryDataByteOrderMSB = False
CompressedData = True
CompressedDataSize = 547799
TransformMatrix = 1 0 0 0 1 0 0 0 1
Offset = 0 0 0
CenterOfRotation = 0 0 0
AnatomicalOrientation = RAI
ElementSpacing = 1 1 1
CustomFieldNames = ImageToProbeTransform StylusTipToStylusTransform DefaultFrameTransformName UltrasoundImageOrientation 
CustomFrameFieldNames = PhantomToTrackerTransform ProbeToReferenceTransform StylusToReferenceTransform PhantomToTrackerTransformStatus ProbeToReferenceTransformStatus StylusToReferenceTransformStatus Timestamp 
DefaultFrameTransformName = ProbeToReferenceTransform
ImageToProbeToReferenceTransformTransform = 1 0 0 0 0 1 0 0 0 0 1 0 0 0 0 1 
Seq_Frame0000_PhantomToTrackerTransform = 0.260287 0.964665 0.0408926 -208.632 -0.96117 0.262899 -0.0838866 -115.511 -0.0916731 -0.0174702 0.995636 -1992.7 0 0 0 1 
Seq_Frame0000_PhantomToTrackerTransformStatus = OK 
Seq_Frame0000_ProbeToReferenceTransform = 0.000627131 -0.999599 -0.0283033 -16.1238 0.995551 -0.00204281 0.0942056 20.9361 -0.0942257 -0.0282365 0.99515 42.6996 0 0 0 1 
Seq_Frame0000_ProbeToReferenceTransformStatus = OK 
Seq_Frame0000_StylusToReferenceTransform = 0.260223 -0.961178 -0.0917639 -239.6 0.964691 0.262821 -0.0172478 197.257 0.0406957 -0.0840355 0.995631 1982.77 0 0 0 1 
Seq_Frame0000_StylusToReferenceTransformStatus = TR_MISSING 
Seq_Frame0000_Timestamp = 345.627957
Seq_Frame0001_PhantomToTrackerTransform = 0.260551 0.964577 0.0412892 -208.472 -0.961186 0.26318 -0.0828114 -115.45 -0.0907445 -0.01811 0.99571 -1992.9 0 0 0 1 
Seq_Frame0001_PhantomToTrackerTransformStatus = OK 
Seq_Frame0001_ProbeToReferenceTransform = 0.00137038 -0.999524 -0.0308226 -16.3317 0.99539 -0.00159253 0.0958981 20.8714 -0.0959016 -0.030812 0.994914 43.4067 0 0 0 1 
Seq_Frame0001_ProbeToReferenceTransformStatus = OK 
Seq_Frame0001_StylusToReferenceTransform = 0.260545 -0.961188 -0.0907431 -237.496 0.964578 0.263175 -0.0181127 195.373 0.041291 -0.0828097 0.99571 1983.39 0 0 0 1 
Seq_Frame0001_StylusToReferenceTransformStatus = TR_MISSING 
Seq_Frame0001_Timestamp = 345.706100
Seq_Frame0002_PhantomToTrackerTransform = 0.261997 0.964286 0.0388513 -208.762 -0.960821 0.264405 -0.0831394 -115.433 -0.0904427 -0.0155469 0.99578 -1992.78 0 0 0 1 
Seq_Frame0002_PhantomToTrackerTransformStatus = OK 
Seq_Frame0002_ProbeToReferenceTransform = 0.00406559 -0.999461 -0.0325758 -16.4111 0.994929 0.000769056 0.100576 21.3409 -0.100497 -0.0328195 0.994396 43.7542 0 0 0 1 
Seq_Frame0002_ProbeToReferenceTransformStatus = OK 
Seq_Frame0002_StylusToReferenceTransform = 0.262155 -0.960769 -0.0905357 -236.605 0.964256 0.264536 -0.0151745 201.636 0.0385292 -0.0833216 0.995778 1982.75 0 0 0 1 
Seq_Frame0002_StylusToReferenceTransformStatus = TR_MISSING 
Seq_Frame0002_Timestamp = 345.863471
Seq_Frame0003_PhantomToTrackerTransform = 0.262491 0.964191 0.0378715 -208.852 -0.960723 0.264807 -0.0829968 -115.596 -0.0900534 -0.0145981 0.99583 -1992.7 0 0 0 1 
Seq_Frame0003_PhantomToTrackerTransformStatus = OK 
Seq_Frame0003_ProbeToReferenceTransform = 0.00210295 -0.999426 -0.0338248 -16.4923 0.994523 -0.00144438 0.104509 21.5686 -0.104497 -0.0338593 0.993949 44.4655 0 0 0 1 
Seq_Frame0003_ProbeToReferenceTransformStatus = OK 
Seq_Frame0003_StylusToReferenceTransform = 0.262287 -0.960817 -0.0896467 -234.932 0.964231 0.264632 -0.01514 201.741 0.0382701 -0.0824691 0.995859 1982.95 0 0 0 1 
Seq_Frame0003_StylusToReferenceTransformStatus = TR_MISSING 
Seq_Frame0003_Timestamp = 345.940886
Seq_Frame0004_PhantomToTrackerTransform = 0.261013 0.964549 0.0389628 -208.685 -0.960994 0.263451 -0.084164 -115.618 -0.0914451 -0.015475 0.99569 -1992.75 0 0 0 1 
Seq_Frame0004_PhantomToTrackerTransformStatus = OK 
Seq_Frame0004_ProbeToReferenceTransform = 0.00195383 -0.999266 -0.0382442 -16.9898 0.994339 -0.00212147 0.10623 21.5386 -0.106233 -0.0382352 0.993606 44.8591 0 0 0 1 
Seq_Frame0004_ProbeToReferenceTransformStatus = OK 
Seq_Frame0004_StylusToReferenceTransform = 0.261007 -0.960982 -0.0915948 -239.165 0.964553 0.263442 -0.0153747 201.117 0.0389047 -0.0843351 0.995678 1982.5 0 0 0 1 
Seq_Frame0004_StylusToReferenceTransformStatus = TR_MISSING 
Seq_Frame0004_Timestamp = 346.019029
Seq_Frame0005_PhantomToTrackerTransform = 0.264129 0.963818 0.0359369 -209.115 -0.96046 0.266245 -0.0814213 -115.301 -0.0880433 -0.0130102 0.996032 -1992.85 0 0 0 1 
Seq_Frame0005_PhantomToTrackerTransformStatus = OK 
Seq_Frame0005_ProbeToReferenceTransform = 0.00566596 -0.999321 -0.0364178 -16.5432 0.993962 0.00163735 0.109713 22.1142 -0.109579 -0.0368195 0.993296 45.1782 0 0 0 1 
Seq_Frame0005_ProbeToReferenceTransformStatus = OK 
Seq_Frame0005_StylusToReferenceTransform = 0.263975 -0.960521 -0.0878402 -230.598 0.963865 0.266076 -0.0129256 206.475 0.0357875 -0.0812541 0.996051 1983.1 0 0 0 1 
Seq_Frame0005_StylusToReferenceTransformStatus = TR_MISSING 
Seq_Frame0005_Timestamp = 346.176714
Seq_Frame0006_PhantomToTrackerTransform = 0.26195 0.964458 0.0346768 -208.999 -0.961177 0.263951 -0.0804261 -115.414 -0.0867206 -0.0122629 0.996157 -1992.85 0 0 0 1 
Seq_Frame0006_PhantomToTrackerTransformStatus = OK 
Seq_Frame0006_ProbeToReferenceTransform = 0.00248845 -0.999298 -0.0373859 -16.804 0.993805 -0.00168278 0.111128 22.1648 -0.111113 -0.0374308 0.993103 45.3639 0 0 0 1 
Seq_Frame0006_ProbeToReferenceTransformStatus = OK 
Seq_Frame0006_StylusToReferenceTransform = 0.261997 -0.961164 -0.0867287 -229.021 0.964437 0.264017 -0.0124943 207.139 0.0349069 -0.0803709 0.996154 1983.21 0 0 0 1 
Seq_Frame0006_StylusToReferenceTransformStatus = TR_MISSING 
Seq_Frame0006_Timestamp = 346.253971
Seq_Frame0007_PhantomToTrackerTransform = 0.262665 0.964197 0.0364986 -209.03 -0.960209 0.264925 -0.0883996 -115.584 -0.0949039 -0.0118268 0.995416 -1992.57 0 0 0 1 
Seq_Frame0007_PhantomToTrackerTransformStatus = OK 
Seq_Frame0007_ProbeToReferenceTransform = 0.00202481 -0.998881 -0.0472434 -17.3955 0.993461 -0.00338364 0.11412 22.4837 -0.114153 -0.0471656 0.992343 45.2521 0 0 0 1 
Seq_Frame0007_ProbeToReferenceTransformStatus = OK 
Seq_Frame0007_StylusToReferenceTransform = 0.262676 -0.960207 -0.0948929 -245.159 0.964189 0.264946 -0.0119469 208.344 0.0366129 -0.0883566 0.995416 1980.87 0 0 0 1 
Seq_Frame0007_StylusToReferenceTransformStatus = TR_MISSING 
Seq_Frame0007_Timestamp = 346.410471
Seq_Frame0008_PhantomToTrackerTransform = 0.262293 0.964368 0.0345765 -209.065 -0.960812 0.26432 -0.0835196 -115.38 -0.0896829 -0.011315 0.995906 -1992.8 0 0 0 1 
Seq_Frame0008_PhantomToTrackerTransformStatus = OK 
Seq_Frame0008_ProbeToReferenceTransform = 0.000161724 -0.999039 -0.043821 -17.1325 0.993243 -0.00492511 0.115949 22.5736 -0.116054 -0.0435437 0.992288 45.792 0 0 0 1 
Seq_Frame0008_ProbeToReferenceTransformStatus = OK 
Seq_Frame0008_StylusToReferenceTransform = 0.262431 -0.960647 -0.0910338 -237.43 0.964331 0.264472 -0.0109179 210.383 0.0345642 -0.0849216 0.995788 1981.77 0 0 0 1 
Seq_Frame0008_StylusToReferenceTransformStatus = TR_MISSING 
Seq_Frame0008_Timestamp = 346.487714
Seq_Frame0009_PhantomToTrackerTransform = 0.261742 0.964569 0.033125 -209.136 -0.961304 0.263604 -0.0800442 -115.283 -0.08594 -0.0108923 0.996241 -1992.93 0 0 0 1 
Seq_Frame0009_PhantomToTrackerTransformStatus = OK 
Seq_Frame0009_ProbeToReferenceTransform = -5.49614e-006 -0.999154 -0.0411277 -16.9146 0.99324 -0.00477957 0.115982 22.5346 -0.11608 -0.0408491 0.992399 46.1383 0 0 0 1 
Seq_Frame0009_ProbeToReferenceTransformStatus = OK 
Seq_Frame0009_StylusToReferenceTransform = 0.261735 -0.961306 -0.0859454 -227.368 0.964572 0.263597 -0.0108832 210.426 0.033117 -0.080052 0.99624 1983.14 0 0 0 1 
Seq_Frame0009_StylusToReferenceTransformStatus = TR_MISSING 
Seq_Frame0009_Timestamp = 346.564929
Seq_Frame0010_PhantomToTrackerTransform = 0.260186 0.964887 0.0359937 -208.929 -0.961051 0.262389 -0.0867957 -115.687 -0.0931924 -0.0120088 0.995576 -1992.64 0 0 0 1 
Seq_Frame0010_PhantomToTrackerTransformStatus = OK 
Seq_Frame0010_ProbeToReferenceTransform = -0.00239445 -0.998755 -0.049824 -17.6303 0.993186 -0.00818055 0.116254 22.4678 -0.116517 -0.0492061 0.991969 46.1551 0 0 0 1 
Seq_Frame0010_ProbeToReferenceTransformStatus = OK 
Seq_Frame0010_StylusToReferenceTransform = 0.260095 -0.96107 -0.0932457 -242.657 0.964911 0.262302 -0.0120368 207.955 0.0360267 -0.086843 0.99557 1981.29 0 0 0 1 
Seq_Frame0010_StylusToReferenceTransformStatus = TR_MISSING 
Seq_Frame0010_Timestamp = 346.722429
Seq_Frame0011_PhantomToTrackerTransform = 0.261563 0.964488 0.036699 -208.93 -0.960731 0.263817 -0.0859985 -115.791 -0.0926264 -0.0127638 0.995619 -1992.7 0 0 0 1 
Seq_Frame0011_PhantomToTrackerTransformStatus = OK 
Seq_Frame0011_ProbeToReferenceTransform = -0.000327084 -0.998783 -0.0493133 -17.5706 0.993271 -0.00603577 0.115659 22.4124 -0.115816 -0.0489436 0.992064 46.4477 0 0 0 1 
Seq_Frame0011_ProbeToReferenceTransformStatus = OK 
Seq_Frame0011_StylusToReferenceTransform = 0.261783 -0.960714 -0.0921902 -240.26 0.964421 0.264048 -0.0130735 206.027 0.0369025 -0.0854877 0.995656 1981.89 0 0 0 1 
Seq_Frame0011_StylusToReferenceTransformStatus = TR_MISSING 
Seq_Frame0011_Timestamp = 346.800057
Seq_Frame0012_PhantomToTrackerTransform = 0.261597 0.96459 0.0336535 -209.099 -0.961121 0.263533 -0.0824418 -115.622 -0.0883914 -0.0107785 0.996027 -1992.85 0 0 0 1 
Seq_Frame0012_PhantomToTrackerTransformStatus = OK 
Seq_Frame0012_ProbeToReferenceTransform = -0.00104288 -0.998916 -0.04654 -17.3418 0.992793 -0.00661146 0.119659 22.7592 -0.119837 -0.0460798 0.991724 47.037 0 0 0 1 
Seq_Frame0012_ProbeToReferenceTransformStatus = OK 
Seq_Frame0012_StylusToReferenceTransform = 0.261599 -0.961125 -0.0883453 -232.485 0.964589 0.263536 -0.0108132 210.611 0.033675 -0.0823882 0.996031 1982.46 0 0 0 1 
Seq_Frame0012_StylusToReferenceTransformStatus = TR_MISSING 
Seq_Frame0012_Timestamp = 346.955414
Seq_Frame0013_PhantomToTrackerTransform = 0.260873 0.964809 0.0330121 -209.057 -0.961299 0.262758 -0.0828388 -115.501 -0.0885978 -0.0101241 0.996016 -1992.91 0 0 0 1 
Seq_Frame0013_PhantomToTrackerTransformStatus = OK 
Seq_Frame0013_ProbeToReferenceTransform = -0.00110863 -0.998855 -0.0478295 -17.4845 0.992699 -0.00686802 0.12042 22.7534 -0.12061 -0.0473468 0.99157 47.1831 0 0 0 1 
Seq_Frame0013_ProbeToReferenceTransformStatus = OK 
Seq_Frame0013_StylusToReferenceTransform = 0.260841 -0.961302 -0.0886582 -233.185 0.96482 0.262719 -0.0100132 212.098 0.0329179 -0.0829274 0.996012 1982.27 0 0 0 1 
Seq_Frame0013_StylusToReferenceTransformStatus = TR_MISSING 
Seq_Frame0013_Timestamp = 347.032871
Seq_Frame0014_PhantomToTrackerTransform = 0.261316 0.964688 0.0330248 -209.112 -0.961372 0.263178 -0.0806323 -115.27 -0.0864765 -0.0106786 0.996197 -1993.04 0 0 0 1 
Seq_Frame0014_PhantomToTrackerTransformStatus = OK 
Seq_Frame0014_ProbeToReferenceTransform = -0.00115616 -0.998867 -0.0475851 -17.3632 0.992561 -0.00693955 0.121553 22.8508 -0.121746 -0.0470906 0.991444 47.596 0 0 0 1 
Seq_Frame0014_ProbeToReferenceTransformStatus = OK 
Seq_Frame0014_StylusToReferenceTransform = 0.26129 -0.961398 -0.0862581 -228.096 0.964692 0.263157 -0.010836 210.463 0.0331171 -0.0803812 0.996214 1983.16 0 0 0 1 
Seq_Frame0014_StylusToReferenceTransformStatus = TR_MISSING 
Seq_Frame0014_Timestamp = 347.111414
Seq_Frame0015_PhantomToTrackerTransform = 0.262925 0.964219 0.0339545 -209.184 -0.960619 0.264898 -0.0839065 -115.301 -0.0898987 -0.0105562 0.995895 -1992.83 0 0 0 1 
Seq_Frame0015_PhantomToTrackerTransformStatus = OK 
Seq_Frame0015_ProbeToReferenceTransform = 0.000693791 -0.998583 -0.0532113 -17.6208 0.992435 -0.00584504 0.12263 23.0046 -0.122767 -0.0528938 0.991025 47.8264 0 0 0 1 
Seq_Frame0015_ProbeToReferenceTransformStatus = OK 
Seq_Frame0015_StylusToReferenceTransform = 0.262755 -0.960662 -0.0899359 -235.028 0.964268 0.264722 -0.0104697 211.373 0.0338658 -0.0839713 0.995893 1982.04 0 0 0 1 
Seq_Frame0015_StylusToReferenceTransformStatus = TR_MISSING 
Seq_Frame0015_Timestamp = 347.267386
Seq_Frame0016_PhantomToTrackerTransform = 0.262119 0.964501 0.032103 -209.25 -0.96089 0.263929 -0.083853 -115.396 -0.0893493 -0.00886796 0.995961 -1992.77 0 0 0 1 
Seq_Frame0016_PhantomToTrackerTransformStatus = OK 
Seq_Frame0016_ProbeToReferenceTransform = -0.000277921 -0.998559 -0.0536644 -17.6832 0.992138 -0.00699152 0.124957 23.1322 -0.125152 -0.0532077 0.99071 47.9893 0 0 0 1 
Seq_Frame0016_ProbeToReferenceTransformStatus = OK 
Seq_Frame0016_StylusToReferenceTransform = 0.262118 -0.960892 -0.0893335 -234.056 0.964502 0.263927 -0.00887194 214.598 0.0321025 -0.0838369 0.995962 1981.77 0 0 0 1 
Seq_Frame0016_StylusToReferenceTransformStatus = TR_MISSING 
Seq_Frame0016_Timestamp = 347.345200
Seq_Frame0017_PhantomToTrackerTransform = 0.26257 0.964422 0.0307868 -209.367 -0.961032 0.26424 -0.0812136 -115.378 -0.0864592 -0.00826285 0.996221 -1992.86 0 0 0 1 
Seq_Frame0017_PhantomToTrackerTransformStatus = OK 
Seq_Frame0017_ProbeToReferenceTransform = 0.000653636 -0.998619 -0.0525321 -17.5538 0.991992 -0.0059874 0.126162 23.2047 -0.126302 -0.0521939 0.990618 48.6322 0 0 0 1 
Seq_Frame0017_ProbeToReferenceTransformStatus = OK 
Seq_Frame0017_StylusToReferenceTransform = 0.262215 -0.961171 -0.0859819 -227.362 0.964514 0.263892 -0.00855363 215.304 0.0309115 -0.0806879 0.99626 1982.6 0 0 0 1 
Seq_Frame0017_StylusToReferenceTransformStatus = TR_MISSING 
Seq_Frame0017_Timestamp = 347.501086
Seq_Frame0018_PhantomToTrackerTransform = 0.262515 0.964438 0.0307526 -209.361 -0.960965 0.26419 -0.0821565 -115.356 -0.0873594 -0.00798481 0.996145 -1992.81 0 0 0 1 
Seq_Frame0018_PhantomToTrackerTransformStatus = OK 
Seq_Frame0018_ProbeToReferenceTransform = 0.000172251 -0.998488 -0.0549637 -17.6837 0.991769 -0.00686696 0.127855 23.3242 -0.12804 -0.0545334 0.990269 48.8141 0 0 0 1 
Seq_Frame0018_ProbeToReferenceTransformStatus = OK 
Seq_Frame0018_StylusToReferenceTransform = 0.262737 -0.960862 -0.0878279 -230.859 0.964377 0.264415 -0.00783794 216.8 0.0307542 -0.0826399 0.996105 1981.94 0 0 0 1 
Seq_Frame0018_StylusToReferenceTransformStatus = TR_MISSING 
Seq_Frame0018_Timestamp = 347.579371
Seq_Frame0019_PhantomToTrackerTransform = 0.262353 0.964445 0.0318772 -209.228 -0.960819 0.264143 -0.0840011 -115.397 -0.0894346 -0.00859032 0.995956 -1992.79 0 0 0 1 
Seq_Frame0019_PhantomToTrackerTransformStatus = OK 
Seq_Frame0019_ProbeToReferenceTransform = -8.8795e-005 -0.998318 -0.0579782 -17.9327 0.991783 -0.00750497 0.127708 23.2079 -0.127928 -0.0574905 0.990116 48.9681 0 0 0 1 
Seq_Frame0019_ProbeToReferenceTransformStatus = OK 
Seq_Frame0019_StylusToReferenceTransform = 0.262262 -0.960824 -0.0896412 -234.632 0.964468 0.264061 -0.00861804 215.093 0.0319511 -0.0841958 0.995937 1981.65 0 0 0 1 
Seq_Frame0019_StylusToReferenceTransformStatus = TR_MISSING 
Seq_Frame0019_Timestamp = 347.658686
Seq_Frame0020_PhantomToTrackerTransform = 0.262337 0.964474 0.0311336 -209.348 -0.960874 0.264057 -0.0836324 -115.329 -0.0888823 -0.00797559 0.99601 -1992.84 0 0 0 1 
Seq_Frame0020_PhantomToTrackerTransformStatus = OK 
Seq_Frame0020_ProbeToReferenceTransform = -0.000682482 -0.998191 -0.0601151 -18.0509 0.991579 -0.00846034 0.129224 23.3831 -0.129499 -0.0595207 0.989792 49.357 0 0 0 1 
Seq_Frame0020_ProbeToReferenceTransformStatus = OK 
Seq_Frame0020_StylusToReferenceTransform = 0.262333 -0.960875 -0.0888845 -233.032 0.964476 0.26405 -0.00793262 216.558 0.0310922 -0.083646 0.99601 1981.75 0 0 0 1 
Seq_Frame0020_StylusToReferenceTransformStatus = TR_MISSING 
Seq_Frame0020_Timestamp = 347.815129
Seq_Frame0021_PhantomToTrackerTransform = 0.263066 0.964293 0.0305956 -209.397 -0.960857 0.264721 -0.0817043 -115.244 -0.0868861 -0.00790438 0.996187 -1992.96 0 0 0 1 
Seq_Frame0021_PhantomToTrackerTransformStatus = OK 
Seq_Frame0021_ProbeToReferenceTransform = 0.0005716 -0.998288 -0.058482 -17.9136 0.991571 -0.0070115 0.129378 23.4188 -0.129566 -0.058063 0.989869 49.5385 0 0 0 1 
Seq_Frame0021_ProbeToReferenceTransformStatus = OK 
Seq_Frame0021_StylusToReferenceTransform = 0.263172 -0.960844 -0.0867141 -228.429 0.964262 0.264831 -0.00800335 216.482 0.0306545 -0.0815088 0.996201 1982.42 0 0 0 1 
Seq_Frame0021_StylusToReferenceTransformStatus = TR_MISSING 
Seq_Frame0021_Timestamp = 347.893557
Seq_Frame0022_PhantomToTrackerTransform = 0.261773 0.964684 0.0293272 -209.425 -0.961157 0.263329 -0.0826737 -115.405 -0.0874767 -0.00654631 0.996145 -1992.86 0 0 0 1 
Seq_Frame0022_PhantomToTrackerTransformStatus = OK 
Seq_Frame0022_ProbeToReferenceTransform = 0.000126703 -0.998217 -0.0596843 -18.0701 0.991377 -0.00769543 0.13081 23.426 -0.131036 -0.0591863 0.989609 49.5225 0 0 0 1 
Seq_Frame0022_ProbeToReferenceTransformStatus = OK 
Seq_Frame0022_StylusToReferenceTransform = 0.261555 -0.961205 -0.0875972 -230.73 0.964747 0.263101 -0.00639186 219.672 0.0291908 -0.0828373 0.996135 1981.69 0 0 0 1 
Seq_Frame0022_StylusToReferenceTransformStatus = TR_MISSING 
Seq_Frame0022_Timestamp = 347.972229
Seq_Frame0023_PhantomToTrackerTransform = 0.262749 0.964408 0.0296607 -209.445 -0.960416 0.264363 -0.0878298 -115.72 -0.092545 -0.00540938 0.995694 -1992.63 0 0 0 1 
Seq_Frame0023_PhantomToTrackerTransformStatus = OK 
Seq_Frame0023_ProbeToReferenceTransform = 0.00171814 -0.997899 -0.0647668 -18.478 0.991269 -0.00683941 0.131675 23.521 -0.131841 -0.0644276 0.989175 49.2332 0 0 0 1 
Seq_Frame0023_ProbeToReferenceTransformStatus = OK 
Seq_Frame0023_StylusToReferenceTransform = 0.262765 -0.960407 -0.09259 -240.602 0.964405 0.264377 -0.00536826 221.888 0.0296344 -0.0878836 0.99569 1980.07 0 0 0 1 
Seq_Frame0023_StylusToReferenceTransformStatus = TR_MISSING 
Seq_Frame0023_Timestamp = 348.128014
Seq_Frame0024_PhantomToTrackerTransform = 0.26137 0.964781 0.0297267 -209.411 -0.960976 0.262983 -0.0858134 -115.644 -0.0906088 -0.00613756 0.995868 -1992.71 0 0 0 1 
Seq_Frame0024_PhantomToTrackerTransformStatus = OK 
Seq_Frame0024_ProbeToReferenceTransform = -0.000355269 -0.998016 -0.0629586 -18.3518 0.991372 -0.00860415 0.130798 23.4315 -0.13108 -0.0623689 0.989408 49.314 0 0 0 1 
Seq_Frame0024_ProbeToReferenceTransformStatus = OK 
Seq_Frame0024_StylusToReferenceTransform = 0.261369 -0.960977 -0.0906089 -236.956 0.964781 0.262983 -0.00613617 220.22 0.0297253 -0.085814 0.995868 1980.78 0 0 0 1 
Seq_Frame0024_StylusToReferenceTransformStatus = TR_MISSING 
Seq_Frame0024_Timestamp = 348.207057
Seq_Frame0025_PhantomToTrackerTransform = 0.261946 0.964642 0.0291651 -209.51 -0.961001 0.263496 -0.0839501 -115.36 -0.0886667 -0.00603721 0.996043 -1992.75 0 0 0 1 
Seq_Frame0025_PhantomToTrackerTransformStatus = OK 
Seq_Frame0025_ProbeToReferenceTransform = 6.84132e-005 -0.998288 -0.0584963 -17.9457 0.991501 -0.00754272 0.129882 23.5622 -0.130101 -0.058008 0.989802 48.9629 0 0 0 1 
Seq_Frame0025_ProbeToReferenceTransformStatus = OK 
Seq_Frame0025_StylusToReferenceTransform = 0.262011 -0.960989 -0.0886059 -232.529 0.964627 0.26355 -0.00593183 220.693 0.0290525 -0.0839175 0.996049 1981.28 0 0 0 1 
Seq_Frame0025_StylusToReferenceTransformStatus = TR_MISSING 
Seq_Frame0025_Timestamp = 348.363614
Seq_Frame0026_PhantomToTrackerTransform = 0.260939 0.964928 0.0287202 -209.481 -0.961654 0.262427 -0.0797114 -115.218 -0.0844527 -0.00681905 0.996404 -1992.94 0 0 0 1 
Seq_Frame0026_PhantomToTrackerTransformStatus = OK 
Seq_Frame0026_ProbeToReferenceTransform = -0.00183652 -0.998593 -0.0529877 -17.565 0.99171 -0.00862662 0.128203 23.4027 -0.12848 -0.052313 0.990331 49.0677 0 0 0 1 
Seq_Frame0026_ProbeToReferenceTransformStatus = OK 
Seq_Frame0026_StylusToReferenceTransform = 0.260648 -0.961738 -0.0844002 -224.416 0.965013 0.262119 -0.00665089 219.105 0.0285193 -0.0797137 0.99641 1982.57 0 0 0 1 
Seq_Frame0026_StylusToReferenceTransformStatus = TR_MISSING 
Seq_Frame0026_Timestamp = 348.441143
Seq_Frame0027_PhantomToTrackerTransform = 0.259848 0.965223 0.0287081 -209.444 -0.961441 0.261374 -0.0855222 -115.568 -0.0900515 -0.00537837 0.995923 -1992.64 0 0 0 1 
Seq_Frame0027_PhantomToTrackerTransformStatus = OK 
Seq_Frame0027_ProbeToReferenceTransform = -0.00216978 -0.998266 -0.0588264 -18.1855 0.99144 -0.00982709 0.130194 23.6065 -0.130546 -0.0580403 0.989742 48.5376 0 0 0 1 
Seq_Frame0027_ProbeToReferenceTransformStatus = OK 
Seq_Frame0027_StylusToReferenceTransform = 0.259831 -0.961416 -0.0903746 -236.788 0.965229 0.261352 -0.00521789 221.977 0.0286362 -0.0858765 0.995894 1980.51 0 0 0 1 
Seq_Frame0027_StylusToReferenceTransformStatus = TR_MISSING 
Seq_Frame0027_Timestamp = 348.597586
Seq_Frame0028_PhantomToTrackerTransform = 0.259293 0.965332 0.030005 -209.395 -0.96151 0.260942 -0.0860662 -115.614 -0.090912 -0.00653374 0.995837 -1992.62 0 0 0 1 
Seq_Frame0028_PhantomToTrackerTransformStatus = OK 
Seq_Frame0028_ProbeToReferenceTransform = -0.00256001 -0.998246 -0.0591437 -18.2404 0.991645 -0.0101622 0.128598 23.4566 -0.128974 -0.0583203 0.989932 48.4069 0 0 0 1 
Seq_Frame0028_ProbeToReferenceTransformStatus = OK 
Seq_Frame0028_StylusToReferenceTransform = 0.258964 -0.961609 -0.0908031 -237.9 0.965413 0.260636 -0.00686519 218.575 0.0302682 -0.0858846 0.995845 1980.77 0 0 0 1 
Seq_Frame0028_StylusToReferenceTransformStatus = TR_MISSING 
Seq_Frame0028_Timestamp = 348.675214
Seq_Frame0029_PhantomToTrackerTransform = 0.258424 0.965602 0.028796 -209.428 -0.961511 0.259981 -0.0889196 -115.809 -0.0933473 -0.00470865 0.995622 -1992.46 0 0 0 1 
Seq_Frame0029_PhantomToTrackerTransformStatus = OK 
Seq_Frame0029_ProbeToReferenceTransform = -0.00429429 -0.998175 -0.0602398 -18.4006 0.991537 -0.0120666 0.12926 23.6436 -0.129751 -0.0591749 0.989779 47.8457 0 0 0 1 
Seq_Frame0029_ProbeToReferenceTransformStatus = OK 
Seq_Frame0029_StylusToReferenceTransform = 0.258219 -0.961555 -0.0934614 -243.512 0.965656 0.25978 -0.00472486 222.887 0.0288226 -0.0890316 0.995612 1979.44 0 0 0 1 
Seq_Frame0029_StylusToReferenceTransformStatus = TR_MISSING 
Seq_Frame0029_Timestamp = 348.753029
Seq_Frame0030_PhantomToTrackerTransform = 0.258283 0.965679 0.0274722 -209.447 -0.962033 0.259696 -0.0839607 -115.622 -0.0882135 -0.00474353 0.99609 -1992.72 0 0 0 1 
Seq_Frame0030_PhantomToTrackerTransformStatus = OK 
Seq_Frame0030_ProbeToReferenceTransform = -0.005358 -0.998636 -0.05194 -17.8442 0.991815 -0.0119332 0.127124 23.5377 -0.12757 -0.0508338 0.990526 47.6033 0 0 0 1 
Seq_Frame0030_ProbeToReferenceTransformStatus = OK 
Seq_Frame0030_StylusToReferenceTransform = 0.25831 -0.962007 -0.0884243 -233.323 0.965675 0.259712 -0.00453548 223.273 0.027328 -0.0842176 0.996073 1980.86 0 0 0 1 
Seq_Frame0030_StylusToReferenceTransformStatus = TR_MISSING 
Seq_Frame0030_Timestamp = 348.910443
Seq_Frame0031_PhantomToTrackerTransform = 0.257056 0.965973 0.0286242 -209.289 -0.962473 0.258566 -0.0823934 -115.499 -0.086991 -0.00637033 0.996189 -1992.83 0 0 0 1 
Seq_Frame0031_PhantomToTrackerTransformStatus = OK 
Seq_Frame0031_ProbeToReferenceTransform = -0.0083079 -0.998761 -0.0490657 -17.5927 0.992103 -0.0143738 0.124601 23.3056 -0.125152 -0.0476431 0.990993 47.3418 0 0 0 1 
Seq_Frame0031_ProbeToReferenceTransformStatus = OK 
Seq_Frame0031_StylusToReferenceTransform = 0.257114 -0.962472 -0.0868322 -230.389 0.965955 0.25863 -0.00649543 219.087 0.0287091 -0.0822059 0.996202 1981.79 0 0 0 1 
Seq_Frame0031_StylusToReferenceTransformStatus = TR_MISSING 
Seq_Frame0031_Timestamp = 348.987814
Seq_Frame0032_PhantomToTrackerTransform = 0.258035 0.965725 0.0281457 -209.399 -0.961936 0.259518 -0.0856137 -115.613 -0.0899836 -0.00498298 0.995931 -1992.59 0 0 0 1 
Seq_Frame0032_PhantomToTrackerTransformStatus = OK 
Seq_Frame0032_ProbeToReferenceTransform = -0.0082941 -0.998706 -0.0501842 -17.6089 0.992143 -0.014484 0.124269 23.4888 -0.124835 -0.0487592 0.990979 46.4971 0 0 0 1 
Seq_Frame0032_ProbeToReferenceTransformStatus = OK 
Seq_Frame0032_StylusToReferenceTransform = 0.257992 -0.961925 -0.0902217 -236.976 0.965741 0.259465 -0.00479817 222.665 0.0280249 -0.0858929 0.99591 1980.36 0 0 0 1 
Seq_Frame0032_StylusToReferenceTransformStatus = TR_MISSING 
Seq_Frame0032_Timestamp = 349.142986
Seq_Frame0033_PhantomToTrackerTransform = 0.255606 0.966365 0.0283715 -209.271 -0.962507 0.257123 -0.0864186 -115.709 -0.0908069 -0.00521865 0.995855 -1992.51 0 0 0 1 
Seq_Frame0033_PhantomToTrackerTransformStatus = OK 
Seq_Frame0033_ProbeToReferenceTransform = -0.00870698 -0.998717 -0.0498812 -17.7257 0.992338 -0.0147781 0.122669 23.2327 -0.123249 -0.0484309 0.991193 46.0523 0 0 0 1 
Seq_Frame0033_ProbeToReferenceTransformStatus = OK 
Seq_Frame0033_StylusToReferenceTransform = 0.25552 -0.962494 -0.0911888 -239.612 0.966394 0.25702 -0.00490262 222.218 0.0281561 -0.0868715 0.995822 1979.99 0 0 0 1 
Seq_Frame0033_StylusToReferenceTransformStatus = TR_MISSING 
Seq_Frame0033_Timestamp = 349.220971
Seq_Frame0034_PhantomToTrackerTransform = 0.257396 0.965877 0.0287888 -209.426 -0.961997 0.258945 -0.0866609 -115.723 -0.0911585 -0.00538858 0.995822 -1992.52 0 0 0 1 
Seq_Frame0034_PhantomToTrackerTransformStatus = OK 
Seq_Frame0034_ProbeToReferenceTransform = -0.00979887 -0.998774 -0.0485205 -17.4666 0.99235 -0.0156848 0.122456 23.4674 -0.123067 -0.0469493 0.991287 45.8362 0 0 0 1 
Seq_Frame0034_ProbeToReferenceTransformStatus = OK 
Seq_Frame0034_StylusToReferenceTransform = 0.257563 -0.961974 -0.0909217 -238.532 0.96583 0.259119 -0.00554198 221.216 0.0288907 -0.0863875 0.995843 1980.31 0 0 0 1 
Seq_Frame0034_StylusToReferenceTransformStatus = TR_MISSING 
Seq_Frame0034_Timestamp = 349.299443
Seq_Frame0035_PhantomToTrackerTransform = 0.257427 0.965935 0.0264928 -209.633 -0.962402 0.258752 -0.0826481 -115.539 -0.0866877 -0.00422085 0.996227 -1992.6 0 0 0 1 
Seq_Frame0035_PhantomToTrackerTransformStatus = OK 
Seq_Frame0035_ProbeToReferenceTransform = -0.0103225 -0.999168 -0.0394582 -16.7972 0.992613 -0.0150092 0.120392 23.5565 -0.120884 -0.0379239 0.991942 45.2664 0 0 0 1 
Seq_Frame0035_ProbeToReferenceTransformStatus = OK 
Seq_Frame0035_StylusToReferenceTransform = 0.257428 -0.962401 -0.0866868 -229.962 0.965935 0.258752 -0.00421208 223.996 0.0264841 -0.0826495 0.996227 1981.09 0 0 0 1 
Seq_Frame0035_StylusToReferenceTransformStatus = TR_MISSING 
Seq_Frame0035_Timestamp = 349.455443
Seq_Frame0036_PhantomToTrackerTransform = 0.256701 0.966114 0.0269893 -209.598 -0.962594 0.258071 -0.0825335 -115.524 -0.0867019 -0.00479335 0.996223 -1992.56 0 0 0 1 
Seq_Frame0036_PhantomToTrackerTransformStatus = OK 
Seq_Frame0036_ProbeToReferenceTransform = -0.0120892 -0.999186 -0.0384917 -16.7995 0.992789 -0.0165853 0.118723 23.5929 -0.119264 -0.0367788 0.992181 44.8726 0 0 0 1 
Seq_Frame0036_ProbeToReferenceTransformStatus = OK 
Seq_Frame0036_StylusToReferenceTransform = 0.256687 -0.962594 -0.0867478 -230.254 0.966116 0.258064 -0.00485259 222.637 0.0270575 -0.0825628 0.996218 1981.16 0 0 0 1 
Seq_Frame0036_StylusToReferenceTransformStatus = TR_MISSING 
Seq_Frame0036_Timestamp = 349.533357
Seq_Frame0037_PhantomToTrackerTransform = 0.255454 0.966413 0.0281103 -209.439 -0.962366 0.256957 -0.0884554 -115.665 -0.0927075 -0.00445617 0.995683 -1992.34 0 0 0 1 
Seq_Frame0037_PhantomToTrackerTransformStatus = OK 
Seq_Frame0037_ProbeToReferenceTransform = -0.01407 -0.998961 -0.0433538 -17.2127 0.992959 -0.0190593 0.116913 23.5135 -0.117617 -0.0414036 0.992195 43.8931 0 0 0 1 
Seq_Frame0037_ProbeToReferenceTransformStatus = OK 
Seq_Frame0037_StylusToReferenceTransform = 0.255443 -0.962368 -0.0927182 -242.545 0.966417 0.25694 -0.00437759 223.406 0.0280358 -0.0884862 0.995683 1979.36 0 0 0 1 
Seq_Frame0037_StylusToReferenceTransformStatus = TR_MISSING 
Seq_Frame0037_Timestamp = 349.688586
Seq_Frame0038_PhantomToTrackerTransform = 0.256401 0.966184 0.0273464 -209.587 -0.962311 0.257822 -0.0865215 -115.609 -0.0906461 -0.00413153 0.995875 -1992.31 0 0 0 1 
Seq_Frame0038_PhantomToTrackerTransformStatus = OK 
Seq_Frame0038_ProbeToReferenceTransform = -0.0132092 -0.999184 -0.0381749 -16.8196 0.993179 -0.0175339 0.115272 23.5925 -0.115847 -0.0363918 0.9926 43.5083 0 0 0 1 
Seq_Frame0038_ProbeToReferenceTransformStatus = OK 
Seq_Frame0038_StylusToReferenceTransform = 0.25641 -0.962295 -0.0907897 -238.397 0.966174 0.257855 -0.00435824 223.601 0.0276045 -0.0866012 0.995861 1979.85 0 0 0 1 
Seq_Frame0038_StylusToReferenceTransformStatus = TR_MISSING 
Seq_Frame0038_Timestamp = 349.767100
Seq_Frame0039_PhantomToTrackerTransform = 0.2544 0.966731 0.0266866 -209.472 -0.963015 0.255762 -0.0847749 -115.629 -0.0887799 -0.00413292 0.996043 -1992.36 0 0 0 1 
Seq_Frame0039_PhantomToTrackerTransformStatus = OK 
Seq_Frame0039_ProbeToReferenceTransform = -0.0157484 -0.999267 -0.0348864 -16.6854 0.99323 -0.0196505 0.114494 23.3626 -0.115096 -0.0328471 0.992811 43.3306 0 0 0 1 
Seq_Frame0039_ProbeToReferenceTransformStatus = OK 
Seq_Frame0039_StylusToReferenceTransform = 0.254377 -0.963024 -0.0887513 -234.892 0.966737 0.255741 -0.00414993 223.804 0.0266938 -0.0847435 0.996045 1980.27 0 0 0 1 
Seq_Frame0039_StylusToReferenceTransformStatus = TR_MISSING 
Seq_Frame0039_Timestamp = 349.845629
Seq_Frame0040_PhantomToTrackerTransform = 0.255131 0.966517 0.0274456 -209.537 -0.962643 0.256566 -0.0865557 -115.69 -0.0906992 -0.00433722 0.995869 -1992.26 0 0 0 1 
Seq_Frame0040_PhantomToTrackerTransformStatus = OK 
Seq_Frame0040_ProbeToReferenceTransform = -0.0139145 -0.999387 -0.0321328 -16.4941 0.993556 -0.0174341 0.111991 23.3316 -0.112483 -0.0303675 0.993189 42.4181 0 0 0 1 
Seq_Frame0040_ProbeToReferenceTransformStatus = OK 
Seq_Frame0040_StylusToReferenceTransform = 0.254891 -0.962712 -0.0906485 -238.574 0.966578 0.256335 -0.00445973 223.282 0.0275298 -0.0864821 0.995873 1979.8 0 0 0 1 
Seq_Frame0040_StylusToReferenceTransformStatus = TR_MISSING 
Seq_Frame0040_Timestamp = 350.001871
Seq_Frame0041_PhantomToTrackerTransform = 0.253146 0.967053 0.0269265 -209.473 -0.963071 0.254547 -0.0877458 -115.743 -0.091709 -0.00371957 0.995779 -1992.12 0 0 0 1 
Seq_Frame0041_PhantomToTrackerTransformStatus = OK 
Seq_Frame0041_ProbeToReferenceTransform = -0.0155357 -0.999425 -0.0301401 -16.4779 0.993668 -0.0187868 0.110771 23.1875 -0.111274 -0.0282283 0.993389 41.8666 0 0 0 1 
Seq_Frame0041_ProbeToReferenceTransformStatus = OK 
Seq_Frame0041_StylusToReferenceTransform = 0.253294 -0.963031 -0.0917263 -241.125 0.967012 0.254702 -0.00379863 224.479 0.0270211 -0.0877382 0.995777 1979.21 0 0 0 1 
Seq_Frame0041_StylusToReferenceTransformStatus = TR_MISSING 
Seq_Frame0041_Timestamp = 350.080329
Seq_Frame0042_PhantomToTrackerTransform = 0.253734 0.966871 0.0279304 -209.473 -0.962821 0.255229 -0.0885134 -115.75 -0.0927096 -0.00443309 0.995683 -1992.1 0 0 0 1 
Seq_Frame0042_PhantomToTrackerTransformStatus = OK 
Seq_Frame0042_ProbeToReferenceTransform = -0.0148355 -0.99955 -0.0260502 -16.2262 0.994137 -0.0175359 0.106696 23.0689 -0.107105 -0.0243146 0.99395 41.1592 0 0 0 1 
Seq_Frame0042_ProbeToReferenceTransformStatus = OK 
Seq_Frame0042_StylusToReferenceTransform = 0.25354 -0.962878 -0.0926445 -242.906 0.966918 0.255047 -0.00459888 222.877 0.0280568 -0.0884136 0.995689 1979.16 0 0 0 1 
Seq_Frame0042_StylusToReferenceTransformStatus = TR_MISSING 
Seq_Frame0042_Timestamp = 350.236471
Seq_Frame0043_PhantomToTrackerTransform = 0.251177 0.967492 0.0294989 -209.178 -0.9635 0.252824 -0.0880187 -115.698 -0.0926154 -0.00631392 0.995682 -1992.15 0 0 0 1 
Seq_Frame0043_PhantomToTrackerTransformStatus = OK 
Seq_Frame0043_ProbeToReferenceTransform = -0.01658 -0.999597 -0.0230512 -16.1356 0.994552 -0.0188606 0.102522 22.5258 -0.102916 -0.0212258 0.994464 40.9683 0 0 0 1 
Seq_Frame0043_ProbeToReferenceTransformStatus = OK 
Seq_Frame0043_StylusToReferenceTransform = 0.251069 -0.9635 -0.0929086 -244.041 0.967523 0.252707 -0.00611825 219.447 0.0293736 -0.0883552 0.995656 1979.38 0 0 0 1 
Seq_Frame0043_StylusToReferenceTransformStatus = TR_MISSING 
Seq_Frame0043_Timestamp = 350.313986
Seq_Frame0044_PhantomToTrackerTransform = 0.250185 0.967753 0.029365 -209.167 -0.963694 0.251829 -0.0887443 -115.737 -0.0932775 -0.00609639 0.995621 -1992.04 0 0 0 1 
Seq_Frame0044_PhantomToTrackerTransformStatus = OK 
Seq_Frame0044_ProbeToReferenceTransform = -0.0149379 -0.999641 -0.0222499 -16.1369 0.994741 -0.0171124 0.100983 22.2819 -0.101328 -0.0206244 0.994639 40.7556 0 0 0 1 
Seq_Frame0044_ProbeToReferenceTransformStatus = OK 
Seq_Frame0044_StylusToReferenceTransform = 0.250333 -0.963623 -0.0936193 -245.665 0.96772 0.251961 -0.00581079 220.023 0.0291879 -0.0891426 0.995591 1979.03 0 0 0 1 
Seq_Frame0044_StylusToReferenceTransformStatus = TR_MISSING 
Seq_Frame0044_Timestamp = 350.392743
Seq_Frame0045_PhantomToTrackerTransform = 0.24707 0.968531 0.0300603 -209.006 -0.96445 0.248794 -0.0890978 -115.882 -0.0937728 -0.00697828 0.995569 -1991.93 0 0 0 1 
Seq_Frame0045_PhantomToTrackerTransformStatus = OK 
Seq_Frame0045_ProbeToReferenceTransform = -0.0166769 -0.999694 -0.0182418 -15.9854 0.995091 -0.0183745 0.0972456 21.7925 -0.0975511 -0.0165305 0.995093 40.2531 0 0 0 1 
Seq_Frame0045_ProbeToReferenceTransformStatus = OK 
Seq_Frame0045_StylusToReferenceTransform = 0.247003 -0.96447 -0.0937378 -246.861 0.968547 0.248731 -0.00703982 217.226 0.0301052 -0.0890506 0.995572 1979.08 0 0 0 1 
Seq_Frame0045_StylusToReferenceTransformStatus = TR_MISSING 
Seq_Frame0045_Timestamp = 350.550943
Seq_Frame0046_PhantomToTrackerTransform = 0.246261 0.968731 0.0302515 -209.035 -0.96447 0.24802 -0.0910144 -115.939 -0.0956715 -0.00676338 0.99539 -1991.72 0 0 0 1 
Seq_Frame0046_PhantomToTrackerTransformStatus = OK 
Seq_Frame0046_ProbeToReferenceTransform = -0.0168803 -0.999701 -0.0176822 -15.9324 0.995234 -0.0184984 0.0957494 21.669 -0.0960479 -0.0159816 0.995248 39.8178 0 0 0 1 
Seq_Frame0046_ProbeToReferenceTransformStatus = OK 
Seq_Frame0046_StylusToReferenceTransform = 0.246393 -0.96442 -0.0958352 -251.178 0.968691 0.248171 -0.00691517 217.488 0.0304527 -0.0911309 0.995373 1978.28 0 0 0 1 
Seq_Frame0046_StylusToReferenceTransformStatus = TR_MISSING 
Seq_Frame0046_Timestamp = 350.628386
Seq_Frame0047_PhantomToTrackerTransform = 0.244924 0.96902 0.031821 -208.882 -0.964785 0.246838 -0.0908835 -115.934 -0.0959225 -0.0084409 0.995353 -1991.7 0 0 0 1 
Seq_Frame0047_PhantomToTrackerTransformStatus = OK 
Seq_Frame0047_ProbeToReferenceTransform = -0.0184674 -0.999707 -0.0156446 -15.8091 0.995503 -0.0198393 0.0926334 21.3255 -0.0929167 -0.0138635 0.995577 39.5709 0 0 0 1 
Seq_Frame0047_ProbeToReferenceTransformStatus = OK 
Seq_Frame0047_StylusToReferenceTransform = 0.244883 -0.964792 -0.0959614 -251.828 0.969031 0.246797 -0.00842391 214.248 0.0318103 -0.0909267 0.995349 1978.54 0 0 0 1 
Seq_Frame0047_StylusToReferenceTransformStatus = TR_MISSING 
Seq_Frame0047_Timestamp = 350.706457
Seq_Frame0048_PhantomToTrackerTransform = 0.24451 0.969141 0.0313007 -208.937 -0.96477 0.246387 -0.0922602 -116.013 -0.0971253 -0.00763941 0.995243 -1991.62 0 0 0 1 
Seq_Frame0048_PhantomToTrackerTransformStatus = OK 
Seq_Frame0048_ProbeToReferenceTransform = -0.0175658 -0.999746 -0.0141007 -15.8258 0.995635 -0.018783 0.091424 21.3037 -0.0916657 -0.0124332 0.995712 39.1425 0 0 0 1 
Seq_Frame0048_ProbeToReferenceTransformStatus = OK 
Seq_Frame0048_StylusToReferenceTransform = 0.244601 -0.964775 -0.0968482 -253.687 0.969114 0.246487 -0.00783196 215.481 0.0314279 -0.0919413 0.995268 1978.12 0 0 0 1 
Seq_Frame0048_StylusToReferenceTransformStatus = TR_MISSING 
Seq_Frame0048_Timestamp = 350.798514
Seq_Frame0049_PhantomToTrackerTransform = 0.243821 0.969308 0.0315149 -208.829 -0.96498 0.245719 -0.0918487 -115.98 -0.0967735 -0.00801664 0.995274 -1991.73 0 0 0 1 
Seq_Frame0049_PhantomToTrackerTransformStatus = OK 
Seq_Frame0049_ProbeToReferenceTransform = -0.0207597 -0.999737 -0.00973365 -15.826 0.995856 -0.0215393 0.0883513 21.4099 -0.0885378 -0.00785918 0.996042 38.8314 0 0 0 1 
Seq_Frame0049_ProbeToReferenceTransformStatus = OK 
Seq_Frame0049_StylusToReferenceTransform = 0.243758 -0.965023 -0.0965069 -253.236 0.969317 0.245674 -0.00831665 214.322 0.031735 -0.0915185 0.995298 1978.4 0 0 0 1 
Seq_Frame0049_StylusToReferenceTransformStatus = TR_MISSING 
Seq_Frame0049_Timestamp = 350.954017
Seq_Frame0050_PhantomToTrackerTransform = 0.246811 0.968599 0.0300074 -209.179 -0.964147 0.248557 -0.0929543 -115.984 -0.0974939 -0.00598941 0.995218 -1991.63 0 0 0 1 
Seq_Frame0050_PhantomToTrackerTransformStatus = OK 
Seq_Frame0050_ProbeToReferenceTransform = -0.0216264 -0.999732 -0.00826579 -15.7417 0.995785 -0.0222767 0.0889754 22.2152 -0.0891357 -0.00630673 0.995999 38.5633 0 0 0 1 
Seq_Frame0050_ProbeToReferenceTransformStatus = OK 
Seq_Frame0050_StylusToReferenceTransform = 0.246619 -0.964179 -0.0976648 -254.764 0.96865 0.24836 -0.00589284 219.68 0.0299377 -0.0931497 0.995202 1977.52 0 0 0 1 
Seq_Frame0050_StylusToReferenceTransformStatus = TR_MISSING 
Seq_Frame0050_Timestamp = 351.031921
Seq_Frame0051_PhantomToTrackerTransform = 0.247419 0.968492 0.0284145 -209.357 -0.964109 0.249002 -0.0921484 -115.972 -0.0963202 -0.00459545 0.99534 -1991.59 0 0 0 1 
Seq_Frame0051_PhantomToTrackerTransformStatus = OK 
Seq_Frame0051_ProbeToReferenceTransform = -0.0271907 -0.999602 -0.00752894 -15.842 0.995524 -0.0277602 0.0903428 23.0747 -0.0905159 -0.00503875 0.995882 38.4958 0 0 0 1 
Seq_Frame0051_ProbeToReferenceTransformStatus = OK 
Seq_Frame0051_StylusToReferenceTransform = 0.247653 -0.964048 -0.0963319 -251.793 0.968428 0.249248 -0.00469709 222.306 0.0285388 -0.0921272 0.995338 1977.6 0 0 0 1 
Seq_Frame0051_StylusToReferenceTransformStatus = TR_MISSING 
Seq_Frame0051_Timestamp = 351.123582
Seq_Frame0052_PhantomToTrackerTransform = 0.24765 0.96844 0.0281812 -209.398 -0.96407 0.249209 -0.0920001 -115.944 -0.0961195 -0.00438482 0.99536 -1991.58 0 0 0 1 
Seq_Frame0052_PhantomToTrackerTransformStatus = OK 
Seq_Frame0052_ProbeToReferenceTransform = -0.03021 -0.999503 -0.00896874 -16.0448 0.995444 -0.0308967 0.0902013 23.4911 -0.0904336 -0.0062029 0.995883 38.7016 0 0 0 1 
Seq_Frame0052_ProbeToReferenceTransformStatus = OK 
Seq_Frame0052_StylusToReferenceTransform = 0.247767 -0.964035 -0.0961653 -251.408 0.968411 0.249322 -0.00432162 223.095 0.0281424 -0.0920568 0.995356 1977.55 0 0 0 1 
Seq_Frame0052_StylusToReferenceTransformStatus = TR_MISSING 
Seq_Frame0052_Timestamp = 351.213615
Seq_Frame0053_PhantomToTrackerTransform = 0.248615 0.968201 0.0278781 -209.555 -0.963734 0.250145 -0.0929772 -115.936 -0.0969942 -0.00375151 0.995278 -1991.55 0 0 0 1 
Seq_Frame0053_PhantomToTrackerTransformStatus = OK 
Seq_Frame0053_ProbeToReferenceTransform = -0.0291635 -0.999533 -0.00914014 -16.1254 0.995518 -0.0298669 0.0897278 23.8132 -0.0899589 -0.0064824 0.995924 38.503 0 0 0 1 
Seq_Frame0053_ProbeToReferenceTransformStatus = OK 
Seq_Frame0053_StylusToReferenceTransform = 0.248732 -0.963713 -0.0969051 -252.598 0.968169 0.250267 -0.0038332 224.264 0.0279463 -0.0928671 0.995286 1977.26 0 0 0 1 
Seq_Frame0053_StylusToReferenceTransformStatus = TR_MISSING 
Seq_Frame0053_Timestamp = 351.302448
Seq_Frame0054_PhantomToTrackerTransform = 0.247362 0.968569 0.026204 -209.64 -0.964076 0.248737 -0.0932025 -115.958 -0.0967909 -0.00220786 0.995302 -1991.48 0 0 0 1 
Seq_Frame0054_PhantomToTrackerTransformStatus = OK 
Seq_Frame0054_ProbeToReferenceTransform = -0.032386 -0.999445 -0.00778259 -16.2822 0.995352 -0.032958 0.0904934 24.2392 -0.0906997 -0.00481569 0.995867 38.1338 0 0 0 1 
Seq_Frame0054_ProbeToReferenceTransformStatus = OK 
Seq_Frame0054_StylusToReferenceTransform = 0.2476 -0.963996 -0.0969834 -253.012 0.96851 0.248965 -0.00203708 227.877 0.0261092 -0.0934251 0.995284 1976.72 0 0 0 1 
Seq_Frame0054_StylusToReferenceTransformStatus = TR_MISSING 
Seq_Frame0054_Timestamp = 351.454680
Seq_Frame0055_PhantomToTrackerTransform = 0.247863 0.9684 0.0276654 -209.53 -0.964063 0.249371 -0.0916332 -115.801 -0.0956366 -0.00395862 0.995408 -1991.63 0 0 0 1 
Seq_Frame0055_PhantomToTrackerTransformStatus = OK 
Seq_Frame0055_ProbeToReferenceTransform = -0.0312745 -0.999496 -0.00539539 -16.1733 0.995536 -0.0316306 0.0889231 24.0807 -0.089049 -0.00259028 0.996024 38.2784 0 0 0 1 
Seq_Frame0055_ProbeToReferenceTransformStatus = OK 
Seq_Frame0055_StylusToReferenceTransform = 0.248082 -0.963998 -0.0957277 -250.307 0.968347 0.24958 -0.00382265 224.205 0.0275768 -0.0917492 0.9954 1977.62 0 0 0 1 
Seq_Frame0055_StylusToReferenceTransformStatus = TR_MISSING 
Seq_Frame0055_Timestamp = 351.542479
