ObjectType = Image
NDims = 3
BinaryData = True
BinaryDataByteOrderMSB = False
CompressedData = False
TransformMatrix = 1 0 0 0 1 0 0 0 1
Offset = 0 0 0
CenterOfRotation = 0 0 0
AnatomicalOrientation = LPS
ElementSpacing = 1 1 1
UltrasoundImageOrientation = MF
UltrasoundImageType = BRIGHTNESS
DimSize = 488 356 100
ElementType = MET_UCHAR
Seq_Frame000_ProbeToReferenceTransform = 0.011122482297 -0.998467640884 0.054209413343 -160.467047500645 0.999791801553 0.010177033823 -0.017685630620 -35.732246437135 0.017106838850 0.054394835141 0.998372955350 -1644.728101196305 0 0 0 1
Seq_Frame000_ProbeToReferenceStatus = OK
Seq_Frame000_Timestamp = 0
Seq_Frame001_ProbeToReferenceTransform = 0.014473143720 -0.998938244089 0.043736856385 -152.150799255325 0.999774109470 0.013776648118 -0.016184375189 -53.608589591970 0.015564644052 0.043961215431 0.998911984808 -1640.081168212911 0 0 0 1
Seq_Frame001_ProbeToReferenceStatus = OK
Seq_Frame001_Timestamp = 1
Seq_Frame002_ProbeToReferenceTransform = -0.021429892574 -0.999515037202 0.022593143010 -156.201273040770 0.998455708024 -0.022554765902 -0.050768904364 -48.587233028415 0.051253866386 0.021470280434 0.998454840360 -1652.078513794005 0 0 0 1
Seq_Frame002_ProbeToReferenceStatus = OK
Seq_Frame003_Timestamp = 3
Seq_Frame003_ProbeToReferenceTransform = -0.006753991504 -0.999692216303 0.023871662302 -160.124958648655 0.999622661591 -0.007385297166 -0.026457358525 -0.079911538330 0.026625514701 0.023683961832 0.999364874267 -1667.426104126045 0 0 0 1
Seq_Frame003_ProbeToReferenceStatus = OK
Seq_Frame004_Timestamp = 4
Seq_Frame004_ProbeToReferenceTransform = 0.057805382330 -0.996922768741 0.052948379959 -158.305457611110 0.998235903103 0.058438595482 0.010488675480 -0.715069734460 -0.013550628358 0.052248671990 0.998542165733 -1652.121993408255 0 0 0 1
Seq_Frame004_ProbeToReferenceStatus = OK
Seq_Frame005_Timestamp = 5
Seq_Frame005_ProbeToReferenceTransform = 0.025025124727 -0.999290995019 0.028129173567 -162.401240081775 0.989134637963 0.020673629098 -0.145551602680 -62.946663150815 0.144866873768 0.031465986924 0.988950696724 -1648.621345825184 0 0 0 1
Seq_Frame005_ProbeToReferenceStatus = OK
Seq_Frame006_Timestamp = 6
Seq_Frame006_ProbeToReferenceTransform = 0.037799807777 -0.998518724900 0.039134774265 -163.593613967895 0.998653422526 0.036354401940 -0.037009446584 -58.636317596445 0.035531904099 0.040481026226 0.998548331483 -1640.521406860376 0 0 0 1
Seq_Frame006_ProbeToReferenceStatus = OK
Seq_Frame007_Timestamp = 7
Seq_Frame007_ProbeToReferenceTransform = 0.011047311533 -0.998747391641 0.048801686422 -149.857522811900 0.999354436134 0.009359169035 -0.034685976036 -25.085369138705 0.034185784860 0.049153368600 0.998206030070 -1652.021252441460 0 0 0 1
Seq_Frame007_ProbeToReferenceStatus = OK
Seq_Frame008_Timestamp = 8
Seq_Frame008_ProbeToReferenceTransform = -0.023062443135 -0.999541961002 0.019595711578 -155.397941436760 0.999723854979 -0.022969359818 0.004962085742 -44.552292728460 -0.004509711963 0.019704738140 0.999795672021 -1641.460478515659 0 0 0 1
Seq_Frame008_ProbeToReferenceStatus = OK
Seq_Frame009_Timestamp = 9
Seq_Frame009_ProbeToReferenceTransform = -0.113694112893 -0.993272365265 0.021992205305 -154.827447051995 0.992331370991 -0.112450191123 0.051316709395 14.098091673840 -0.048498441628 0.027657962993 0.998440252716 -1652.603476562565 0 0 0 1
Seq_Frame009_ProbeToReferenceStatus = OK
Seq_Frame0010_Timestamp = 10
Seq_Frame0010_ProbeToReferenceTransform = -0.121602129530 -0.990952030708 0.056806645112 -152.209648590065 0.991985275653 -0.119351112429 0.041479209850 -12.009336900720 -0.034323970946 0.061395315759 0.997523172774 -1646.335303955156 0 0 0 1
Seq_Frame0010_ProbeToReferenceStatus = OK
Seq_Frame0011_Timestamp = 11
Seq_Frame0011_ProbeToReferenceTransform = -0.100660158360 -0.991402081563 0.083602901811 -149.193051834100 0.994661955319 -0.102194955051 -0.014275356466 -44.200788345335 0.022696412908 0.081719666143 0.996396893314 -1652.205253906304 0 0 0 1
Seq_Frame0011_ProbeToReferenceStatus = OK
Seq_Frame0012_Timestamp = 12
Seq_Frame0012_ProbeToReferenceTransform = 0.025171600559 -0.997982885824 0.058279929034 -155.134650650050 0.994059044131 0.018812155978 -0.107204102389 -58.388098354335 0.105891488359 0.060632189391 0.992527445617 -1657.198212890695 0 0 0 1
Seq_Frame0012_ProbeToReferenceStatus = OK
Seq_Frame0013_Timestamp = 13
Seq_Frame0013_ProbeToReferenceTransform = 0.025942958367 -0.997979531415 0.057998429187 -162.665466156010 0.996974726399 0.021577246301 -0.074671395889 -10.388996543870 0.073269078288 0.059760164985 0.995520147886 -1664.228229980472 0 0 0 1
Seq_Frame0013_ProbeToReferenceStatus = OK
Seq_Frame0014_Timestamp = 14
Seq_Frame0014_ProbeToReferenceTransform = -0.051891466044 -0.997798409554 0.041299027141 -164.092469635030 0.998462986664 -0.052643336620 -0.017330417531 -49.653616485605 0.019466381638 0.040336249213 0.998996520007 -1647.770473632830 0 0 0 1
Seq_Frame0014_ProbeToReferenceStatus = OK
Seq_Frame0015_Timestamp = 15
Seq_Frame0015_ProbeToReferenceTransform = -0.018505122083 -0.997623608290 0.066367888616 -160.095310592680 0.999585704046 -0.016996240326 0.023228174302 -36.501032066330 -0.022044970476 0.066770232870 0.997524814368 -1634.042619018559 0 0 0 1
Seq_Frame0015_ProbeToReferenceStatus = OK
Seq_Frame0016_Timestamp = 16
Seq_Frame0016_ProbeToReferenceTransform = -0.043933858875 -0.998928448697 0.014552334146 -147.442957534805 0.998935022176 -0.043719330510 0.014745901494 -33.799263076795 -0.014093882198 0.015184680588 0.999785370947 -1645.262583007866 0 0 0 1
Seq_Frame0016_ProbeToReferenceStatus = OK
Seq_Frame0017_Timestamp = 17
Seq_Frame0017_ProbeToReferenceTransform = -0.015295192128 -0.999830195238 0.010278024478 -155.829242095910 0.997950891341 -0.015903547853 -0.061976573293 12.925713634530 0.062129506430 0.009309020093 0.998024682348 -1670.563523559615 0 0 0 1
Seq_Frame0017_ProbeToReferenceStatus = OK
Seq_Frame0018_Timestamp = 18
Seq_Frame0018_ProbeToReferenceTransform = -0.031393341405 -0.997894905901 0.056746937293 -156.891350555415 0.997428525897 -0.034937145598 -0.062575806699 -46.337097702040 0.064426654748 0.054636550350 0.996425638733 -1639.961922607447 0 0 0 1
Seq_Frame0018_ProbeToReferenceStatus = OK
Seq_Frame0019_Timestamp = 19
Seq_Frame0019_ProbeToReferenceTransform = -0.013891060115 -0.999070674069 0.040802287499 -162.808152618430 0.995837349943 -0.017499364575 -0.089452471722 -49.347351703665 0.090083355325 0.039389852192 0.995154977196 -1653.373603515651 0 0 0 1
Seq_Frame0019_ProbeToReferenceStatus = OK
Seq_Frame0020_Timestamp = 20
Seq_Frame0020_ProbeToReferenceTransform = 0.021846151809 -0.997426485848 0.068287268060 -160.738612213145 0.995326280219 0.015271894519 -0.095353894223 -23.264261198050 0.094065623672 0.070051228153 0.993098426077 -1648.620318603550 0 0 0 1
Seq_Frame0020_ProbeToReferenceStatus = OK
Seq_Frame0021_Timestamp = 21
Seq_Frame0021_ProbeToReferenceTransform = 0.053899591417 -0.997323109155 0.049411031062 -154.859552459715 0.998278201502 0.054965815675 0.020479050576 -53.555060176875 -0.023140148018 0.048222142764 0.998568554731 -1630.566844482446 0 0 0 1
Seq_Frame0021_ProbeToReferenceStatus = OK
Seq_Frame0022_Timestamp = 22
Seq_Frame0022_ProbeToReferenceTransform = 0.018565781214 -0.998106384054 0.058642628504 -158.020817031885 0.998625627570 0.015636358971 -0.050023596808 -52.364744071970 0.049011914137 0.059490758846 0.997024915378 -1648.570745849656 0 0 0 1
Seq_Frame0022_ProbeToReferenceStatus = OK
Seq_Frame0023_Timestamp = 23
Seq_Frame0023_ProbeToReferenceTransform = -0.012879634475 -0.998739693463 0.048509171469 -155.622636108405 0.999909606660 -0.013051611713 -0.003230161113 -39.539413852675 0.003859212990 0.048463183269 0.998817514035 -1640.303188476544 0 0 0 1
Seq_Frame0023_ProbeToReferenceStatus = OK
Seq_Frame0024_Timestamp = 24
Seq_Frame0024_ProbeToReferenceTransform = -0.026618444536 -0.997243612637 0.069257746604 -149.978431167605 0.999500100596 -0.027732917363 -0.015180059419 1.002509689025 0.017058936658 0.068819055128 0.997483298272 -1661.744038696310 0 0 0 1
Seq_Frame0024_ProbeToReferenceStatus = OK
Seq_Frame0025_Timestamp = 25
Seq_Frame0025_ProbeToReferenceTransform = 0.002678807248 -0.999141502102 0.041341054276 -157.066598281860 0.999460337865 0.004028566184 0.032600670079 -45.594331340795 -0.032739227646 0.041231413163 0.998613095018 -1639.378546752934 0 0 0 1
Seq_Frame0025_ProbeToReferenceStatus = OK
Seq_Frame0026_Timestamp = 26
Seq_Frame0026_ProbeToReferenceTransform = 0.001685697699 -0.999811953527 0.019318799340 -155.848344268825 0.991185570796 -0.000888640421 -0.132477826687 1.593603931050 0.132470082165 0.019371832718 0.990997683866 -1669.356098022470 0 0 0 1
Seq_Frame0026_ProbeToReferenceStatus = OK
Seq_Frame0027_Timestamp = 27
Seq_Frame0027_ProbeToReferenceTransform = 0.015403100002 -0.996793357355 0.078522272270 -158.419388961775 0.985418010099 0.001824471550 -0.170141166906 -45.606073894495 0.169452323333 0.079997962697 0.982286229203 -1656.129804077176 0 0 0 1
Seq_Frame0027_ProbeToReferenceStatus = OK
Seq_Frame0028_Timestamp = 28
Seq_Frame0028_ProbeToReferenceTransform = 0.007101439478 -0.999312948202 0.036375831430 -156.478260955775 0.987503922606 0.012735328628 0.157079006369 -50.180606651305 -0.157434343123 0.034805789168 0.986915895427 -1652.009722900441 0 0 0 1
Seq_Frame0028_ProbeToReferenceStatus = OK
Seq_Frame0029_Timestamp = 29
Seq_Frame0029_ProbeToReferenceTransform = 0.008788698552 -0.997279624956 0.073185438622 -157.014267807050 0.975642269180 0.024594826690 0.217984534062 -46.167298202510 -0.219191517555 0.069487007049 0.973204312816 -1624.813427734385 0 0 0 1
Seq_Frame0029_ProbeToReferenceStatus = OK
Seq_Frame0030_Timestamp = 30
Seq_Frame0030_ProbeToReferenceTransform = -0.030098739518 -0.998470052013 0.046385570100 -159.660948181185 0.998611907445 -0.028031393438 0.044592592343 3.935540091985 -0.043224115831 0.047663363457 0.997927792776 -1681.281711425791 0 0 0 1
Seq_Frame0030_ProbeToReferenceStatus = OK
Seq_Frame0031_Timestamp = 31
Seq_Frame0031_ProbeToReferenceTransform = -0.050659978743 -0.996322824040 0.069097010431 -151.578471679685 0.990987259289 -0.041556903869 0.127347067761 -5.510347943290 -0.124007332365 0.074925656738 0.989448496629 -1646.810549926806 0 0 0 1
Seq_Frame0031_ProbeToReferenceStatus = OK
Seq_Frame0032_Timestamp = 32
Seq_Frame0032_ProbeToReferenceTransform = -0.033844585849 -0.999293139115 0.016363560936 -153.211773452755 0.988152143283 -0.035910708117 -0.149217166468 -52.053641395520 0.149699317750 0.011119494610 0.988669040228 -1651.524884643605 0 0 0 1
Seq_Frame0032_ProbeToReferenceStatus = OK
Seq_Frame0033_Timestamp = 33
Seq_Frame0033_ProbeToReferenceTransform = -0.022794395555 -0.998568584290 0.048385927707 -154.008647689825 0.996260122934 -0.026723191379 -0.082168354583 -57.069088039395 0.083343763915 0.046331992309 0.995443199537 -1627.029427490285 0 0 0 1
Seq_Frame0033_ProbeToReferenceStatus = OK
Seq_Frame0034_Timestamp = 34
Seq_Frame0034_ProbeToReferenceTransform = 0.003894774808 -0.999791650549 0.020037121106 -159.998051223770 0.993255450125 0.001545799064 -0.115936281218 -41.969279670735 0.115881152594 0.020353525451 0.993054526436 -1646.006331176805 0 0 0 1
Seq_Frame0034_ProbeToReferenceStatus = OK
Seq_Frame0035_Timestamp = 35
Seq_Frame0035_ProbeToReferenceTransform = -0.024269995035 -0.997786679491 0.061908881194 -148.289190902755 0.992904968055 -0.031269535555 -0.114725500908 -60.339522514370 0.116407438566 0.058685248367 0.991466262598 -1644.559720459020 0 0 0 1
Seq_Frame0035_ProbeToReferenceStatus = OK
Seq_Frame0036_Timestamp = 36
Seq_Frame0036_ProbeToReferenceTransform = 0.045402338174 -0.998091645064 0.041853264405 -155.517367248540 0.993630190223 0.040794426764 -0.105046941045 -15.156840810765 0.103139094267 0.046356043813 0.993586153504 -1656.145584716836 0 0 0 1
Seq_Frame0036_ProbeToReferenceStatus = OK
Seq_Frame0037_Timestamp = 37
Seq_Frame0037_ProbeToReferenceTransform = 0.011294804217 -0.999723083384 0.020644223097 -156.598580093385 0.993645863980 0.013533468362 0.111735143215 -7.472639892070 -0.111983589838 0.019251020329 0.993523564805 -1630.985471191455 0 0 0 1
Seq_Frame0037_ProbeToReferenceStatus = OK
Seq_Frame0038_Timestamp = 38
Seq_Frame0038_ProbeToReferenceTransform = -0.031344245417 -0.998683252870 0.040611558893 -162.601468658465 0.996875770050 -0.028288633304 0.073745863019 -51.166630783075 -0.072499912868 0.042796187474 0.996449822606 -1632.798907470726 0 0 0 1
Seq_Frame0038_ProbeToReferenceStatus = OK
Seq_Frame0039_Timestamp = 39
Seq_Frame0039_ProbeToReferenceTransform = -0.005756674155 -0.998574412935 0.053066020522 -154.172148056015 0.999946326353 -0.006205488010 -0.008296766346 2.608922098835 0.008614239137 0.053015410495 0.998556538777 -1675.283877563516 0 0 0 1
Seq_Frame0039_ProbeToReferenceStatus = OK
Seq_Frame0040_Timestamp = 40
Seq_Frame0040_ProbeToReferenceTransform = -0.002949479180 -0.998476956400 0.055091452239 -152.478957366950 0.998456054450 0.000115427652 0.055547223237 -45.636273975365 -0.055468981471 0.055170229415 0.996935021895 -1644.142030639660 0 0 0 1
Seq_Frame0040_ProbeToReferenceStatus = OK
Seq_Frame0041_Timestamp = 41
Seq_Frame0041_ProbeToReferenceTransform = -0.003786244959 -0.998559692703 0.053518262837 -150.479668884305 0.993770983499 0.002203508713 0.111419822768 -53.491729412080 -0.111377271942 0.053606759437 0.992331304876 -1621.030421142610 0 0 0 1
Seq_Frame0041_ProbeToReferenceStatus = OK
Seq_Frame0042_Timestamp = 42
Seq_Frame0042_ProbeToReferenceTransform = 0.051770828073 -0.997851767402 0.040145132371 -158.535883178675 0.996259754063 0.054389528086 0.067143738868 -24.364274530420 -0.069182973304 0.036518892742 0.996935347291 -1639.586915893565 0 0 0 1
Seq_Frame0042_ProbeToReferenceStatus = OK
Seq_Frame0043_Timestamp = 43
Seq_Frame0043_ProbeToReferenceTransform = 0.008341157262 -0.999139526476 0.040627967317 -158.165651550260 0.999907496824 0.008770305945 0.010396130495 -38.686522006965 -0.010743504604 0.040537493342 0.999120257398 -1655.318122558620 0 0 0 1
Seq_Frame0043_ProbeToReferenceStatus = OK
Seq_Frame0044_Timestamp = 44
Seq_Frame0044_ProbeToReferenceTransform = 0.001471641424 -0.999130049522 0.041677072989 -155.169270019535 0.997245001236 0.004557242589 0.074038091889 -48.181156692470 -0.074163614948 0.041453295182 0.996384154097 -1628.583765258851 0 0 0 1
Seq_Frame0044_ProbeToReferenceStatus = OK
Seq_Frame0045_Timestamp = 45
Seq_Frame0045_ProbeToReferenceTransform = 0.039490757134 -0.999176601824 0.009305829772 -154.618797454865 0.997823889622 0.039925999283 0.052472848990 -17.565962629320 -0.052801187495 0.007213386724 0.998578991193 -1647.464102172886 0 0 0 1
Seq_Frame0045_ProbeToReferenceStatus = OK
Seq_Frame0046_Timestamp = 46
Seq_Frame0046_ProbeToReferenceTransform = 0.038110758587 -0.998063844532 0.049154168883 -152.810063629150 0.999069009914 0.037061690848 -0.022080409871 -2.841990609160 0.020215922154 0.049949908009 0.998547106140 -1672.627965698289 0 0 0 1
Seq_Frame0046_ProbeToReferenceStatus = OK
Seq_Frame0047_Timestamp = 47
Seq_Frame0047_ProbeToReferenceTransform = -0.104894969867 -0.990991448380 0.083264605526 -151.850973281865 0.994478093047 -0.104255025524 0.012008834389 -15.793136229515 -0.003219898610 0.084064492443 0.996455113572 -1658.127732543944 0 0 0 1
Seq_Frame0047_ProbeToReferenceStatus = OK
Seq_Frame0048_Timestamp = 48
Seq_Frame0048_ProbeToReferenceTransform = -0.095241233490 -0.994027156625 0.053283387056 -150.689594497665 0.994407511062 -0.092550698858 0.050873078185 -35.839092330940 -0.045637806547 0.057830615021 0.997282713467 -1646.153196411159 0 0 0 1
Seq_Frame0048_ProbeToReferenceStatus = OK
Seq_Frame0049_Timestamp = 49
Seq_Frame0049_ProbeToReferenceTransform = -0.093180911156 -0.995063670853 0.034141012648 -150.902416839625 0.995144396526 -0.091987117038 0.035014287981 -55.959368114455 -0.031700912604 0.037237900686 0.998803479616 -1651.045194091816 0 0 0 1
Seq_Frame0049_ProbeToReferenceStatus = OK
Seq_Frame0050_Timestamp = 50
Seq_Frame0050_ProbeToReferenceTransform = -0.030453569538 -0.999437076832 0.014075139622 -152.226515808135 0.995452242970 -0.029054490204 0.090723032164 -44.095525455455 -0.090263016061 0.016773969475 0.995776692778 -1633.262457275450 0 0 0 1
Seq_Frame0050_ProbeToReferenceStatus = OK
Seq_Frame0051_Timestamp = 51
Seq_Frame0051_ProbeToReferenceTransform = 0.007770184283 -0.998593641951 0.052443898512 -154.726629180905 0.999371879464 0.009568238802 0.034121772273 -6.248780879990 -0.034575580589 0.052145824964 0.998040751756 -1659.533553466830 0 0 0 1
Seq_Frame0051_ProbeToReferenceStatus = OK
Seq_Frame0052_Timestamp = 52
Seq_Frame0052_ProbeToReferenceTransform = -0.013917561569 -0.999056120917 0.041148131651 -153.730263214165 0.997590596302 -0.011076417521 0.068485875509 -49.234294643405 -0.067965459237 0.042002145580 0.996803148128 -1638.532058105515 0 0 0 1
Seq_Frame0052_ProbeToReferenceStatus = OK
Seq_Frame0053_Timestamp = 53
Seq_Frame0053_ProbeToReferenceTransform = 0.031936143799 -0.996941900971 0.071322708920 -155.077369918825 0.945325440642 0.053300662679 0.321743454684 14.836364727030 -0.324561078987 0.057147926002 0.944136759458 -1644.960664672885 0 0 0 1
Seq_Frame0053_ProbeToReferenceStatus = OK
Seq_Frame0054_Timestamp = 54
Seq_Frame0054_ProbeToReferenceTransform = 0.005608804290 -0.997767983426 0.066540157535 -156.508832778935 0.949517437173 0.026185854000 0.312619477249 -17.751814403550 -0.313664116244 0.061427618386 0.947544969846 -1642.535990600581 0 0 0 1
Seq_Frame0054_ProbeToReferenceStatus = OK
Seq_Frame0055_Timestamp = 55
Seq_Frame0055_ProbeToReferenceTransform = -0.061598712695 -0.995087788034 0.077497694799 -149.150830307025 0.970813369980 -0.041702077071 0.236182847464 -43.178157615605 -0.231790852413 0.089784357618 0.968613323192 -1640.799662475649 0 0 0 1
Seq_Frame0055_ProbeToReferenceStatus = OK
Seq_Frame0056_Timestamp = 56
Seq_Frame0056_ProbeToReferenceTransform = -0.013897144430 -0.996133928355 0.086741375116 -156.517094497700 0.975672368701 0.005472807560 0.219165410891 -2.812938398140 -0.218792820564 0.087676936293 0.971824293024 -1653.560755004904 0 0 0 1
Seq_Frame0056_ProbeToReferenceStatus = OK
Seq_Frame0057_Timestamp = 57
Seq_Frame0057_ProbeToReferenceTransform = 0.014756252511 -0.996030428419 0.087781767328 -155.272114334100 0.971733508344 0.034972878937 0.233475665755 3.405207086780 -0.235618848509 0.081855258856 0.968392211258 -1646.170875854536 0 0 0 1
Seq_Frame0057_ProbeToReferenceStatus = OK
Seq_Frame0058_Timestamp = 58
Seq_Frame0058_ProbeToReferenceTransform = -0.037020746305 -0.998793136839 0.032275906590 -151.944587020910 0.925397771572 -0.022073839552 0.378353948013 10.469832730300 -0.377184873388 0.043874997557 0.925098133106 -1636.377053222709 0 0 0 1
Seq_Frame0058_ProbeToReferenceStatus = OK
Seq_Frame0059_Timestamp = 59
Seq_Frame0059_ProbeToReferenceTransform = -0.008071153040 -0.999770562692 0.019841332179 -155.465596237195 0.934763235507 -0.000495681927 0.355270949903 -31.399680528650 -0.355179602503 0.021414394072 0.934552766671 -1618.487102661176 0 0 0 1
Seq_Frame0059_ProbeToReferenceStatus = OK
Seq_Frame0060_Timestamp = 60
Seq_Frame0060_ProbeToReferenceTransform = 0.014350391248 -0.998660190536 0.049718106460 -155.213207702685 0.950016319915 0.029126436951 0.310838611767 -39.660252361285 -0.311870258546 0.042772356838 0.949161454825 -1621.334901123090 0 0 0 1
Seq_Frame0060_ProbeToReferenceStatus = OK
Seq_Frame0061_Timestamp = 61
Seq_Frame0061_ProbeToReferenceTransform = -0.000494523034 -0.996980865268 0.077646054226 -157.376944885265 0.977996445585 0.015716417170 0.208028715939 4.428732659830 -0.208620966997 0.076040440038 0.975035970418 -1661.178776245120 0 0 0 1
Seq_Frame0061_ProbeToReferenceStatus = OK
Seq_Frame0062_Timestamp = 62
Seq_Frame0062_ProbeToReferenceTransform = -0.021650786669 -0.998062898416 0.058324045142 -157.204831542950 0.977961103060 -0.009025180041 0.208592010937 6.269823508265 -0.207661562014 0.061554828651 0.976262095306 -1664.015059204114 0 0 0 1
Seq_Frame0062_ProbeToReferenceStatus = OK
Seq_Frame0063_Timestamp = 63
Seq_Frame0063_ProbeToReferenceTransform = -0.003530402551 -0.998555437447 0.053615059483 -161.798583679205 0.973068275708 0.008927489283 0.230344157178 4.031192796210 -0.230490058503 0.052984321083 0.971631100084 -1657.396030883801 0 0 0 1
Seq_Frame0063_ProbeToReferenceStatus = OK
Seq_Frame0064_Timestamp = 64
Seq_Frame0064_ProbeToReferenceTransform = 0.004504922626 -0.998041190419 0.062397819661 -168.830880279545 0.981842717212 0.016248120099 0.188999675269 -33.432408084860 -0.189643308162 0.060413415891 0.979992670814 -1647.804432373092 0 0 0 1
Seq_Frame0064_ProbeToReferenceStatus = OK
Seq_Frame0065_Timestamp = 65
Seq_Frame0065_ProbeToReferenceTransform = -0.022825296846 -0.996869785117 0.075694367985 -164.040106811500 0.980420780325 -0.007507457059 0.196770758993 -36.978165702835 -0.195586552018 0.078703682310 0.977523212543 -1640.969189453135 0 0 0 1
Seq_Frame0065_ProbeToReferenceStatus = OK
Seq_Frame0066_Timestamp = 66
Seq_Frame0066_ProbeToReferenceTransform = 0.019821666813 -0.997575226265 0.066714087468 -162.803512191760 0.981556683771 0.032106607045 0.188455942673 -14.345231776245 -0.190140942644 0.061748147551 0.979813037372 -1648.179207763719 0 0 0 1
Seq_Frame0066_ProbeToReferenceStatus = OK
Seq_Frame0067_Timestamp = 67
Seq_Frame0067_ProbeToReferenceTransform = 0.032895555954 -0.999306809147 0.017429388695 -162.552282028210 0.977314253509 0.035812411862 0.208744631177 1.933921169015 -0.209224119755 0.010167219306 0.977814857406 -1655.886336059620 0 0 0 1
Seq_Frame0067_ProbeToReferenceStatus = OK
Seq_Frame0068_Timestamp = 68
Seq_Frame0068_ProbeToReferenceTransform = 0.030976719774 -0.998406031785 0.047178793200 -164.887121582050 0.983021211146 0.038972309683 0.179305486575 -28.458701028880 -0.180858345868 0.040823458621 0.982661540896 -1647.677452392629 0 0 0 1
Seq_Frame0068_ProbeToReferenceStatus = OK
Seq_Frame0069_Timestamp = 69
Seq_Frame0069_ProbeToReferenceTransform = -0.084814094951 -0.995123498786 0.050356642683 -160.480936050440 0.980670658856 -0.074425169868 0.180958428789 -33.445665111565 -0.176328183106 0.064731107319 0.982200720621 -1650.192309570316 0 0 0 1
Seq_Frame0069_ProbeToReferenceStatus = OK
Seq_Frame0070_Timestamp = 70
Seq_Frame0070_ProbeToReferenceTransform = -0.045977789113 -0.997344155310 0.056486093668 -162.022238998455 0.988810332171 -0.037405358531 0.144412486114 -50.713534431435 -0.141916066394 0.062493799875 0.987904021186 -1651.516492309615 0 0 0 1
Seq_Frame0070_ProbeToReferenceStatus = OK
Seq_Frame0071_Timestamp = 71
Seq_Frame0071_ProbeToReferenceTransform = 0.014821855901 -0.996384392215 0.083656772216 -164.416527709970 0.985358794210 0.028767299903 0.168049067626 -3.189843087200 -0.169848047564 0.079941137134 0.982222508056 -1650.776527709960 0 0 0 1
Seq_Frame0071_ProbeToReferenceStatus = OK
Seq_Frame0072_Timestamp = 72
Seq_Frame0072_ProbeToReferenceTransform = 0.018164780854 -0.997784240232 0.064005083248 -159.802885818500 0.990669011415 0.026609606690 0.133666894385 3.365977798720 -0.135073870749 0.060979822703 0.988957284550 -1666.214798584010 0 0 0 1
Seq_Frame0072_ProbeToReferenceStatus = OK
Seq_Frame0073_Timestamp = 73
Seq_Frame0073_ProbeToReferenceTransform = 0.024090367982 -0.999145410770 0.033587234289 -168.318606109610 0.979695024612 0.030283855549 0.198193205847 -33.595206356035 -0.199040983020 0.028130699063 0.979587337019 -1637.611016845726 0 0 0 1
Seq_Frame0073_ProbeToReferenceStatus = OK
Seq_Frame0073_Timestamp = 73
Seq_Frame0074_ProbeToReferenceTransform = -0.002214046405 -0.998707026275 0.050787534574 -162.646754837050 0.977036915720 0.008660354920 0.212894019582 -45.461696548420 -0.213058591283 0.050092653376 0.975754458231 -1626.285207519560 0 0 0 1
Seq_Frame0074_ProbeToReferenceStatus = OK
Seq_Frame0074_Timestamp = 74
Seq_Frame0075_ProbeToReferenceTransform = -0.132729964278 -0.986535384927 0.095554648606 -149.684290924070 0.984100483119 -0.119692051975 0.131225195064 -43.484583396915 -0.118021166357 0.111452891311 0.986736670703 -1645.254312133829 0 0 0 1
Seq_Frame0075_ProbeToReferenceStatus = OK
Seq_Frame0075_Timestamp = 75
Seq_Frame0076_ProbeToReferenceTransform = -0.038496613292 -0.997511628650 0.059064045523 -163.619752197265 0.986842417291 -0.028662901344 0.159124107295 -16.062496748015 -0.157035200516 0.064412644683 0.985490211521 -1643.999379882865 0 0 0 1
Seq_Frame0076_ProbeToReferenceStatus = OK
Seq_Frame0076_Timestamp = 76
Seq_Frame0077_ProbeToReferenceTransform = 0.011529026369 -0.999657624988 0.023488600526 -159.182164077790 0.986801686509 0.015168920859 0.161221386123 2.340386875845 -0.161522484671 0.021319865001 0.986638713158 -1650.815114135790 0 0 0 1
Seq_Frame0077_ProbeToReferenceStatus = OK
Seq_Frame0077_Timestamp = 77
Seq_Frame0078_ProbeToReferenceTransform = 0.002690495296 -0.999558395116 0.029593512599 -152.948690109305 0.984794255017 0.007788978465 0.173550013254 -42.280240840905 -0.173703875953 0.028676585699 0.984380321274 -1635.823826904310 0 0 0 1
Seq_Frame0078_ProbeToReferenceStatus = OK
Seq_Frame0078_Timestamp = 78
Seq_Frame0079_ProbeToReferenceTransform = 0.052826209632 -0.998483219133 0.015512984403 -156.342567977905 0.953739022622 0.055050818995 0.295552506428 -4.082665524470 -0.295958220538 -0.000817580079 0.955200535625 -1638.819059448255 0 0 0 1
Seq_Frame0079_ProbeToReferenceStatus = OK
Seq_Frame0079_Timestamp = 79
Seq_Frame0080_ProbeToReferenceTransform = -0.022484787116 -0.994770947893 0.099625275792 -157.754862136855 0.997475458446 -0.015608045073 0.069275527622 -46.388137950855 -0.067358326483 0.100931413134 0.992610550869 -1654.878239746114 0 0 0 1
Seq_Frame0080_ProbeToReferenceStatus = OK
Seq_Frame0080_Timestamp = 80
Seq_Frame0081_ProbeToReferenceTransform = 0.027581426701 -0.998991166587 0.035438876695 -161.074050827015 0.991031759310 0.031964410603 0.129747171426 -28.501116046895 -0.130749060951 0.031542440221 0.990913597407 -1647.332918701201 0 0 0 1
Seq_Frame0081_ProbeToReferenceStatus = OK
Seq_Frame0081_Timestamp = 81
Seq_Frame0082_ProbeToReferenceTransform = 0.060667770457 -0.997458010657 0.037375641841 -162.823765411385 0.974421147336 0.067300953961 0.214415506017 -37.415959892245 -0.216385880436 0.023411505104 0.976027177991 -1627.352875976610 0 0 0 1
Seq_Frame0082_ProbeToReferenceStatus = OK
Seq_Frame0082_Timestamp = 82
Seq_Frame0083_ProbeToReferenceTransform = 0.056179115734 -0.995942307222 0.070305246188 -159.117057189975 0.993811943166 0.062539050929 0.091796997388 1.720623864510 -0.095821336747 0.064713119189 0.993292748201 -1666.310695190445 0 0 0 1
Seq_Frame0083_ProbeToReferenceStatus = OK
Seq_Frame0083_Timestamp = 83
Seq_Frame0084_ProbeToReferenceTransform = 0.037013261364 -0.998349434303 0.043913841907 -155.262958831785 0.985228169486 0.043808680567 0.165548342058 -42.996911945395 -0.167198901116 0.037137670024 0.985223487809 -1636.767027587949 0 0 0 1
Seq_Frame0084_ProbeToReferenceStatus = OK
Seq_Frame0084_Timestamp = 84
Seq_Frame0085_ProbeToReferenceTransform = 0.021563741906 -0.998399423098 0.052283811958 -168.148814086935 0.992442305050 0.027695416531 0.119545953721 -34.436908054345 -0.120802633178 0.049310808765 0.991451041633 -1653.048607177800 0 0 0 1
Seq_Frame0085_ProbeToReferenceStatus = OK
Seq_Frame0085_Timestamp = 85
Seq_Frame0086_ProbeToReferenceTransform = 0.036881893845 -0.998907831798 0.028685701662 -167.336126022365 0.983833556393 0.041329296483 0.174251033188 -41.921799221040 -0.175246281620 0.021795247775 0.984283347392 -1634.354141845736 0 0 0 1
Seq_Frame0086_ProbeToReferenceStatus = OK
Seq_Frame0086_Timestamp = 86
Seq_Frame0087_ProbeToReferenceTransform = 0.034285433568 -0.997102526067 0.067904797744 -164.558576355005 0.993663614326 0.041286400784 0.104537336274 -11.450297660815 -0.107037986761 0.063890418858 0.992200022056 -1654.116693115276 0 0 0 1
Seq_Frame0087_ProbeToReferenceStatus = OK
Seq_Frame0087_Timestamp = 87
Seq_Frame0088_ProbeToReferenceTransform = 0.014707169976 -0.997949523084 0.062293246243 -160.874730987535 0.979938731826 0.026769494385 0.197492977188 -48.330471153240 -0.198755581102 0.058139001941 0.978323093581 -1615.724785156300 0 0 0 1
Seq_Frame0088_ProbeToReferenceStatus = OK
Seq_Frame0088_Timestamp = 88
Seq_Frame0089_ProbeToReferenceTransform = 0.005448228383 -0.998974146595 0.044955213743 -154.329607620260 0.988827666116 0.012078882753 0.148573036973 -44.524858608225 -0.148963631573 0.043643499248 0.987879082399 -1638.782535400391 0 0 0 1
Seq_Frame0089_ProbeToReferenceStatus = OK
Seq_Frame0089_Timestamp = 89
Seq_Frame0090_ProbeToReferenceTransform = 0.045357750493 -0.998329976456 0.035776145411 -159.770126800535 0.963097580307 0.053211982547 0.263839981275 7.601749737265 -0.265303081920 0.022488731037 0.963902760500 -1643.052662353549 0 0 0 1
Seq_Frame0090_ProbeToReferenceStatus = OK
Seq_Frame0090_Timestamp = 90
Seq_Frame0091_ProbeToReferenceTransform = -0.031698549355 -0.997725468656 0.059490261087 -150.989469146710 0.984272201134 -0.020811053222 0.175428430249 -37.148041915860 -0.173791357796 0.064115436981 0.982693123359 -1648.786334838884 0 0 0 1
Seq_Frame0091_ProbeToReferenceStatus = OK
Seq_Frame0091_Timestamp = 91
Seq_Frame0092_ProbeToReferenceTransform = -0.009517645128 -0.999218171639 0.038372645171 -154.483213119495 0.981308708794 -0.001957221934 0.192430214175 -31.566874074915 -0.192204662993 0.039486893376 0.980560121958 -1634.815632934605 0 0 0 1
Seq_Frame0092_ProbeToReferenceStatus = OK
Seq_Frame0092_Timestamp = 92
Seq_Frame0093_ProbeToReferenceTransform = 0.031841646685 -0.999031735158 0.030359540236 -157.987862777690 0.983556692928 0.036722002468 0.176826825824 -2.386773865175 -0.177770473737 0.024229871681 0.983773638591 -1647.400545654349 0 0 0 1
Seq_Frame0093_ProbeToReferenceStatus = OK
Seq_Frame0093_Timestamp = 93
Seq_Frame0094_ProbeToReferenceTransform = -0.032967456146 -0.998154550113 0.050996479531 -148.533422088640 0.985152014064 -0.023851579620 0.170019443991 -45.504830055235 -0.168489335035 0.055844393084 0.984120291296 -1636.078856201220 0 0 0 1
Seq_Frame0094_ProbeToReferenceStatus = OK
Seq_Frame0094_Timestamp = 94
Seq_Frame0095_ProbeToReferenceTransform = -0.052644898348 -0.997253500000 0.052095790758 -160.663304519650 0.984630629032 -0.043137643709 0.169238494639 -37.608874568975 -0.166526391453 0.060204654571 0.984197317878 -1637.528709106430 0 0 0 1
Seq_Frame0095_ProbeToReferenceStatus = OK
Seq_Frame0095_Timestamp = 95
Seq_Frame0096_ProbeToReferenceTransform = -0.020179956730 -0.998549421476 0.049918155168 -159.939300537160 0.987587291037 -0.012129777125 0.156602078812 -11.446754002580 -0.155769419103 0.052458758810 0.986399496500 -1647.337191162111 0 0 0 1
Seq_Frame0096_ProbeToReferenceStatus = OK
Seq_Frame0096_Timestamp = 96
Seq_Frame0097_ProbeToReferenceTransform = -0.016502366311 -0.999801253607 -0.011185937253 -156.764999847440 0.974745434839 -0.018578670392 0.222544760142 -27.304466285735 -0.222708350015 -0.007230926119 0.974858299724 -1632.560610351629 0 0 0 1
Seq_Frame0097_ProbeToReferenceStatus = OK
Seq_Frame0097_Timestamp = 97
Seq_Frame0098_ProbeToReferenceTransform = -0.005954239636 -0.996437117972 0.084128573963 -152.908991775505 0.995567332300 0.001989891690 0.094030458834 3.092072533360 -0.093862846153 0.084315539835 0.992008395052 -1668.926656494169 0 0 0 1
Seq_Frame0098_ProbeToReferenceStatus = OK
Seq_Frame0098_Timestamp = 98
Seq_Frame0099_ProbeToReferenceTransform = -0.056054920650 -0.995629584185 0.074696565966 -150.017673797650 0.985058178315 -0.042947079542 0.166781095133 -22.079524631480 -0.162844193037 0.082929364250 0.983160459609 -1639.003013305669 0 0 0 1
Seq_Frame0099_ProbeToReferenceStatus = OK
Seq_Frame0099_Timestamp = 99
ElementDataFile = Position100frames.raw