ObjectType = Image
NDims = 3
AnatomicalOrientation = RAI
BinaryData = True
BinaryDataByteOrderMSB = False
CenterOfRotation = 0 0 0
CompressedData = False
DimSize = 0 0 3108                              
ElementSpacing = 1 1 1
ElementType = MET_UCHAR
Offset = 0 0 0
TransformMatrix = 1 0 0 0 1 0 0 0 1
UltrasoundImageOrientation = XX
UltrasoundImageType = XX
Seq_Frame0000_AccelerometerToTrackerTransform = 1 0 0 -0.56404 0 1 0 -0.02121 0 0 1 0.81665 0 0 0 1
Seq_Frame0000_AccelerometerToTrackerTransformStatus = OK
Seq_Frame0000_FilteredTiltSensorToTrackerTransform = 0.82282 0 0.568302 0 -0.012142 0.999772 0.0175799 0 -0.568172 -0.0213654 0.822632 0 0 0 0 1 
Seq_Frame0000_FilteredTiltSensorToTrackerTransformStatus = OK
Seq_Frame0000_GyroscopeToTrackerTransform = 1 0 0 -0.0705 0 1 0 0 0 0 1 -0.14092 0 0 0 1
Seq_Frame0000_GyroscopeToTrackerTransformStatus = OK
Seq_Frame0000_MagnetometerToTrackerTransform = 1 0 0 -0.28785 0 1 0 0.3333 0 0 1 -0.06363 0 0 0 1
Seq_Frame0000_MagnetometerToTrackerTransformStatus = OK
Seq_Frame0000_OrientationSensorToTrackerTransform = -0.530461 0.773583 -0.34667 0 -0.62839 -0.633321 -0.451696 0 -0.568978 -0.0217633 0.822065 0 0 0 0 1
Seq_Frame0000_OrientationSensorToTrackerTransformStatus = OK
Seq_Frame0000_TiltSensorToTrackerTransform = 0.82282 0 0.568302 0 -0.012142 0.999772 0.0175799 0 -0.568172 -0.0213654 0.822632 0 0 0 0 1
Seq_Frame0000_TiltSensorToTrackerTransformStatus = OK
Seq_Frame0000_Timestamp = 12290.228000
Seq_Frame0000_ImageStatus = INVALID
Seq_Frame0001_AccelerometerToTrackerTransform = 1 0 0 -0.56454 0 1 0 -0.02075 0 0 1 0.81753 0 0 0 1
Seq_Frame0001_AccelerometerToTrackerTransformStatus = OK
Seq_Frame0001_FilteredTiltSensorToTrackerTransform = 0.824278 0 0.566185 0 -0.00418172 0.999973 0.00608795 0 -0.566169 -0.00738579 0.824256 0 0 0 0 1 
Seq_Frame0001_FilteredTiltSensorToTrackerTransformStatus = OK
Seq_Frame0001_GyroscopeToTrackerTransform = 1 0 0 -0.40283 0 1 0 0.10071 0 0 1 -0.14763 0 0 0 1
Seq_Frame0001_GyroscopeToTrackerTransformStatus = OK
Seq_Frame0001_MagnetometerToTrackerTransform = 1 0 0 -0.28785 0 1 0 0.33027 0 0 1 -0.06363 0 0 0 1
Seq_Frame0001_MagnetometerToTrackerTransformStatus = OK
Seq_Frame0001_OrientationSensorToTrackerTransform = -0.530484 0.773557 -0.346695 0 -0.62834 -0.633353 -0.451723 0 -0.569013 -0.0217892 0.82204 0 0 0 0 1
Seq_Frame0001_OrientationSensorToTrackerTransformStatus = OK
Seq_Frame0001_TiltSensorToTrackerTransform = 0.822871 0 0.568228 0 -0.0118652 0.999782 0.0171824 0 -0.568104 -0.020881 0.822692 0 0 0 0 1
Seq_Frame0001_TiltSensorToTrackerTransformStatus = OK
Seq_Frame0001_Timestamp = 12290.236000
Seq_Frame0001_ImageStatus = INVALID
Seq_Frame0002_AccelerometerToTrackerTransform = 1 0 0 -0.56351 0 1 0 -0.02079 0 0 1 0.81684 0 0 0 1
Seq_Frame0002_AccelerometerToTrackerTransformStatus = OK
Seq_Frame0002_FilteredTiltSensorToTrackerTransform = 0.822971 0 0.568083 0 -0.0129517 0.99974 0.0187629 0 -0.567936 -0.0227989 0.822757 0 0 0 0 1 
Seq_Frame0002_FilteredTiltSensorToTrackerTransformStatus = OK
Seq_Frame0002_GyroscopeToTrackerTransform = 1 0 0 -0.14099 0 1 0 0.06042 0 0 1 0.04026 0 0 0 1
Seq_Frame0002_GyroscopeToTrackerTransformStatus = OK
Seq_Frame0002_MagnetometerToTrackerTransform = 1 0 0 -0.28482 0 1 0 0.33027 0 0 1 -0.06363 0 0 0 1
Seq_Frame0002_MagnetometerToTrackerTransformStatus = OK
Seq_Frame0002_OrientationSensorToTrackerTransform = -0.530423 0.773609 -0.34667 0 -0.628406 -0.63329 -0.451719 0 -0.568997 -0.0217526 0.822052 0 0 0 0 1
Seq_Frame0002_OrientationSensorToTrackerTransformStatus = OK
Seq_Frame0002_TiltSensorToTrackerTransform = 0.823132 0 0.56785 0 -0.0118939 0.999781 0.0172409 0 -0.567726 -0.0209455 0.822951 0 0 0 0 1
Seq_Frame0002_TiltSensorToTrackerTransformStatus = OK
Seq_Frame0002_Timestamp = 12290.244000
Seq_Frame0002_ImageStatus = INVALID
Seq_Frame0003_AccelerometerToTrackerTransform = 1 0 0 -0.56366 0 1 0 -0.02068 0 0 1 0.81726 0 0 0 1
Seq_Frame0003_AccelerometerToTrackerTransformStatus = OK
Seq_Frame0003_FilteredTiltSensorToTrackerTransform = 0.824662 0 0.565625 0 -0.00452384 0.999968 0.0065956 0 -0.565607 -0.00799794 0.824636 0 0 0 0 1 
Seq_Frame0003_FilteredTiltSensorToTrackerTransformStatus = OK
Seq_Frame0003_GyroscopeToTrackerTransform = 1 0 0 0.16113 0 1 0 0.02014 0 0 1 0.02684 0 0 0 1
Seq_Frame0003_GyroscopeToTrackerTransformStatus = OK
Seq_Frame0003_MagnetometerToTrackerTransform = 1 0 0 -0.28785 0 1 0 0.33027 0 0 1 -0.06363 0 0 0 1
Seq_Frame0003_MagnetometerToTrackerTransformStatus = OK
Seq_Frame0003_OrientationSensorToTrackerTransform = -0.53044 0.77357 -0.34673 0 -0.628395 -0.633339 -0.451665 0 -0.568993 -0.0216975 0.822056 0 0 0 0 1
Seq_Frame0003_OrientationSensorToTrackerTransformStatus = OK
Seq_Frame0003_TiltSensorToTrackerTransform = 0.823198 0 0.567755 0 -0.0118239 0.999783 0.0171437 0 -0.567632 -0.0208257 0.823019 0 0 0 0 1
Seq_Frame0003_TiltSensorToTrackerTransformStatus = OK
Seq_Frame0003_Timestamp = 12290.252000
Seq_Frame0003_ImageStatus = INVALID
Seq_Frame0004_AccelerometerToTrackerTransform = 1 0 0 -0.56366 0 1 0 -0.02117 0 0 1 0.81615 0 0 0 1
Seq_Frame0004_AccelerometerToTrackerTransformStatus = OK
Seq_Frame0004_FilteredTiltSensorToTrackerTransform = 0.82262 0 0.568592 0 -0.0131061 0.999734 0.0189615 0 -0.568441 -0.0230501 0.822401 0 0 0 0 1 
Seq_Frame0004_FilteredTiltSensorToTrackerTransformStatus = OK
Seq_Frame0004_GyroscopeToTrackerTransform = 1 0 0 0.13092 0 1 0 -0.25177 0 0 1 -0.04026 0 0 0 1
Seq_Frame0004_GyroscopeToTrackerTransformStatus = OK
Seq_Frame0004_MagnetometerToTrackerTransform = 1 0 0 -0.28785 0 1 0 0.33027 0 0 1 -0.06363 0 0 0 1
Seq_Frame0004_MagnetometerToTrackerTransformStatus = OK
Seq_Frame0004_OrientationSensorToTrackerTransform = -0.530477 0.773529 -0.346766 0 -0.62837 -0.633389 -0.45163 0 -0.568987 -0.0216821 0.822061 0 0 0 0 1
Seq_Frame0004_OrientationSensorToTrackerTransformStatus = OK
Seq_Frame0004_TiltSensorToTrackerTransform = 0.822837 0 0.568278 0 -0.0121262 0.999772 0.0175582 0 -0.568149 -0.0213386 0.822649 0 0 0 0 1
Seq_Frame0004_TiltSensorToTrackerTransformStatus = OK
Seq_Frame0004_Timestamp = 12290.260000
Seq_Frame0004_ImageStatus = INVALID
Seq_Frame0005_AccelerometerToTrackerTransform = 1 0 0 -0.56328 0 1 0 -0.02064 0 0 1 0.81696 0 0 0 1
Seq_Frame0005_AccelerometerToTrackerTransformStatus = OK
Seq_Frame0005_FilteredTiltSensorToTrackerTransform = 0.826389 0 0.5631 0 -0.00568378 0.999949 0.00834135 0 -0.563071 -0.0100937 0.826347 0 0 0 0 1 
Seq_Frame0005_FilteredTiltSensorToTrackerTransformStatus = OK
Seq_Frame0005_GyroscopeToTrackerTransform = 1 0 0 -0.01007 0 1 0 0.02014 0 0 1 0.06039 0 0 0 1
Seq_Frame0005_GyroscopeToTrackerTransformStatus = OK
Seq_Frame0005_MagnetometerToTrackerTransform = 1 0 0 -0.28482 0 1 0 0.33027 0 0 1 -0.06363 0 0 0 1
Seq_Frame0005_MagnetometerToTrackerTransformStatus = OK
Seq_Frame0005_OrientationSensorToTrackerTransform = -0.530419 0.773577 -0.346749 0 -0.628444 -0.633334 -0.451604 0 -0.568958 -0.0216275 0.822082 0 0 0 0 1
Seq_Frame0005_OrientationSensorToTrackerTransformStatus = OK
Seq_Frame0005_TiltSensorToTrackerTransform = 0.823279 0 0.567637 0 -0.0118041 0.999784 0.0171202 0 -0.567514 -0.0207951 0.823101 0 0 0 0 1
Seq_Frame0005_TiltSensorToTrackerTransformStatus = OK
Seq_Frame0005_Timestamp = 12290.268000
Seq_Frame0005_ImageStatus = INVALID
Seq_Frame0006_AccelerometerToTrackerTransform = 1 0 0 -0.56335 0 1 0 -0.02174 0 0 1 0.81642 0 0 0 1
Seq_Frame0006_AccelerometerToTrackerTransformStatus = OK
Seq_Frame0006_FilteredTiltSensorToTrackerTransform = 0.822069 0 0.569388 0 -0.0144397 0.999678 0.0208477 0 -0.569205 -0.02536 0.821804 0 0 0 0 1 
Seq_Frame0006_FilteredTiltSensorToTrackerTransformStatus = OK
Seq_Frame0006_GyroscopeToTrackerTransform = 1 0 0 0.15106 0 1 0 0.27191 0 0 1 -0.04026 0 0 0 1
Seq_Frame0006_GyroscopeToTrackerTransformStatus = OK
Seq_Frame0006_MagnetometerToTrackerTransform = 1 0 0 -0.28785 0 1 0 0.33027 0 0 1 -0.06363 0 0 0 1
Seq_Frame0006_MagnetometerToTrackerTransformStatus = OK
Seq_Frame0006_OrientationSensorToTrackerTransform = -0.530459 0.773528 -0.346796 0 -0.628375 -0.633392 -0.451619 0 -0.568997 -0.0216477 0.822054 0 0 0 0 1
Seq_Frame0006_OrientationSensorToTrackerTransformStatus = OK
Seq_Frame0006_TiltSensorToTrackerTransform = 0.823071 0 0.567939 0 -0.0124446 0.99976 0.018035 0 -0.567803 -0.0219118 0.822873 0 0 0 0 1
Seq_Frame0006_TiltSensorToTrackerTransformStatus = OK
Seq_Frame0006_Timestamp = 12290.276000
Seq_Frame0006_ImageStatus = INVALID
Seq_Frame0007_AccelerometerToTrackerTransform = 1 0 0 -0.56301 0 1 0 -0.02186 0 0 1 0.8165 0 0 0 1
Seq_Frame0007_AccelerometerToTrackerTransformStatus = OK
Seq_Frame0007_FilteredTiltSensorToTrackerTransform = 0.826453 0 0.563006 0 -0.00732941 0.999915 0.010759 0 -0.562959 -0.0130183 0.826383 0 0 0 0 1 
Seq_Frame0007_FilteredTiltSensorToTrackerTransformStatus = OK
Seq_Frame0007_GyroscopeToTrackerTransform = 1 0 0 -0.01007 0 1 0 0.04028 0 0 1 0.16776 0 0 0 1
Seq_Frame0007_GyroscopeToTrackerTransformStatus = OK
Seq_Frame0007_MagnetometerToTrackerTransform = 1 0 0 -0.28785 0 1 0 0.33027 0 0 1 -0.06363 0 0 0 1
Seq_Frame0007_MagnetometerToTrackerTransformStatus = OK
Seq_Frame0007_OrientationSensorToTrackerTransform = -0.530493 0.773509 -0.346787 0 -0.628356 -0.633415 -0.451614 0 -0.568987 -0.0216725 0.822061 0 0 0 0 1
Seq_Frame0007_OrientationSensorToTrackerTransformStatus = OK
Seq_Frame0007_TiltSensorToTrackerTransform = 0.823257 0 0.567669 0 -0.0125089 0.999757 0.0181409 0 -0.567531 -0.0220355 0.823057 0 0 0 0 1
Seq_Frame0007_TiltSensorToTrackerTransformStatus = OK
Seq_Frame0007_Timestamp = 12290.284000
Seq_Frame0007_ImageStatus = INVALID
Seq_Frame0008_AccelerometerToTrackerTransform = 1 0 0 -0.5645 0 1 0 -0.02075 0 0 1 0.8176 0 0 0 1
Seq_Frame0008_AccelerometerToTrackerTransformStatus = OK
Seq_Frame0008_FilteredTiltSensorToTrackerTransform = 0.821234 0 0.570591 0 -0.0140246 0.999698 0.0201852 0 -0.570419 -0.0245791 0.820986 0 0 0 0 1 
Seq_Frame0008_FilteredTiltSensorToTrackerTransformStatus = OK
Seq_Frame0008_GyroscopeToTrackerTransform = 1 0 0 0.01007 0 1 0 -0.04028 0 0 1 0.10065 0 0 0 1
Seq_Frame0008_GyroscopeToTrackerTransformStatus = OK
Seq_Frame0008_MagnetometerToTrackerTransform = 1 0 0 -0.28785 0 1 0 0.33027 0 0 1 -0.06363 0 0 0 1
Seq_Frame0008_MagnetometerToTrackerTransformStatus = INVALID
Seq_Frame0008_OrientationSensorToTrackerTransform = -0.530493 0.773509 -0.346787 0 -0.628356 -0.633415 -0.451614 0 -0.568987 -0.0216725 0.822061 0 0 0 0 1
Seq_Frame0008_OrientationSensorToTrackerTransformStatus = INVALID
Seq_Frame0008_TiltSensorToTrackerTransform = 0.822913 0 0.568168 0 -0.0118635 0.999782 0.0171826 0 -0.568044 -0.0208803 0.822733 0 0 0 0 1
Seq_Frame0008_TiltSensorToTrackerTransformStatus = OK
Seq_Frame0008_Timestamp = 12290.292000
Seq_Frame0008_ImageStatus = INVALID
Seq_Frame0009_AccelerometerToTrackerTransform = 1 0 0 -0.56366 0 1 0 -0.02136 0 0 1 0.81669 0 0 0 1
Seq_Frame0009_AccelerometerToTrackerTransformStatus = OK
Seq_Frame0009_FilteredTiltSensorToTrackerTransform = 0.826929 0 0.562307 0 -0.00829734 0.999891 0.0122021 0 -0.562246 -0.0147559 0.826839 0 0 0 0 1 
Seq_Frame0009_FilteredTiltSensorToTrackerTransformStatus = OK
Seq_Frame0009_GyroscopeToTrackerTransform = 1 0 0 -0.06042 0 1 0 -0.10071 0 0 1 -0.05368 0 0 0 1
Seq_Frame0009_GyroscopeToTrackerTransformStatus = OK
Seq_Frame0009_MagnetometerToTrackerTransform = 1 0 0 -0.28482 0 1 0 0.33027 0 0 1 -0.06363 0 0 0 1
Seq_Frame0009_MagnetometerToTrackerTransformStatus = OK
Seq_Frame0009_OrientationSensorToTrackerTransform = -0.530429 0.773591 -0.3467 0 -0.628448 -0.633314 -0.451627 0 -0.568945 -0.0216732 0.82209 0 0 0 0 1
Seq_Frame0009_OrientationSensorToTrackerTransformStatus = OK
Seq_Frame0009_TiltSensorToTrackerTransform = 0.823012 0 0.568024 0 -0.0122241 0.999768 0.0177115 0 -0.567892 -0.0215204 0.822822 0 0 0 0 1
Seq_Frame0009_TiltSensorToTrackerTransformStatus = OK
Seq_Frame0009_Timestamp = 12290.300000
Seq_Frame0009_ImageStatus = INVALID
Seq_Frame0010_AccelerometerToTrackerTransform = 1 0 0 -0.56427 0 1 0 -0.02132 0 0 1 0.8173 0 0 0 1
Seq_Frame0010_AccelerometerToTrackerTransformStatus = OK
Seq_Frame0010_FilteredTiltSensorToTrackerTransform = 0.820952 0 0.570997 0 -0.0141252 0.999694 0.0203085 0 -0.570822 -0.0247377 0.820701 0 0 0 0 1 
Seq_Frame0010_FilteredTiltSensorToTrackerTransformStatus = OK
Seq_Frame0010_GyroscopeToTrackerTransform = 1 0 0 -0.03021 0 1 0 0.01007 0 0 1 -0.00671 0 0 0 1
Seq_Frame0010_GyroscopeToTrackerTransformStatus = OK
Seq_Frame0010_MagnetometerToTrackerTransform = 1 0 0 -0.28785 0 1 0 0.33027 0 0 1 -0.06363 0 0 0 1
Seq_Frame0010_MagnetometerToTrackerTransformStatus = OK
Seq_Frame0010_OrientationSensorToTrackerTransform = -0.53046 0.773564 -0.346716 0 -0.628424 -0.633348 -0.451613 0 -0.568943 -0.0216776 0.822091 0 0 0 0 1
Seq_Frame0010_OrientationSensorToTrackerTransformStatus = OK
Seq_Frame0010_TiltSensorToTrackerTransform = 0.822923 0 0.568152 0 -0.0121935 0.99977 0.0176614 0 -0.568022 -0.0214617 0.822734 0 0 0 0 1
Seq_Frame0010_TiltSensorToTrackerTransformStatus = OK
Seq_Frame0010_Timestamp = 12290.308000
Seq_Frame0010_ImageStatus = INVALID
Seq_Frame0011_AccelerometerToTrackerTransform = 1 0 0 -0.56385 0 1 0 -0.02201 0 0 1 0.81665 0 0 0 1
Seq_Frame0011_AccelerometerToTrackerTransformStatus = OK
Seq_Frame0011_FilteredTiltSensorToTrackerTransform = 0.827987 0 0.560747 0 -0.00867061 0.99988 0.0128028 0 -0.56068 -0.0154626 0.827888 0 0 0 0 1 
Seq_Frame0011_FilteredTiltSensorToTrackerTransformStatus = OK
Seq_Frame0011_GyroscopeToTrackerTransform = 1 0 0 0.01007 0 1 0 -0.03021 0 0 1 -0.02684 0 0 0 1
Seq_Frame0011_GyroscopeToTrackerTransformStatus = OK
Seq_Frame0011_MagnetometerToTrackerTransform = 1 0 0 -0.28482 0 1 0 0.33027 0 0 1 -0.06363 0 0 0 1
Seq_Frame0011_MagnetometerToTrackerTransformStatus = OK
Seq_Frame0011_OrientationSensorToTrackerTransform = -0.530431 0.773607 -0.346663 0 -0.628452 -0.633294 -0.451649 0 -0.568939 -0.0217076 0.822093 0 0 0 0 1
Seq_Frame0011_OrientationSensorToTrackerTransformStatus = OK
Seq_Frame0011_TiltSensorToTrackerTransform = 0.82291 0 0.568172 0 -0.0125982 0.999754 0.0182466 0 -0.568032 -0.0221733 0.822707 0 0 0 0 1
Seq_Frame0011_TiltSensorToTrackerTransformStatus = OK
Seq_Frame0011_Timestamp = 12290.316000
Seq_Frame0011_ImageStatus = INVALID
Seq_Frame0012_AccelerometerToTrackerTransform = 1 0 0 -0.56389 0 1 0 -0.02129 0 0 1 0.81715 0 0 0 1
Seq_Frame0012_AccelerometerToTrackerTransformStatus = OK
Seq_Frame0012_FilteredTiltSensorToTrackerTransform = 0.821338 0 0.570442 0 -0.0134098 0.999724 0.0193077 0 -0.570285 -0.0235077 0.821111 0 0 0 0 1 
Seq_Frame0012_FilteredTiltSensorToTrackerTransformStatus = OK
Seq_Frame0012_GyroscopeToTrackerTransform = 1 0 0 -0.16113 0 1 0 0.03021 0 0 1 0.08052 0 0 0 1
Seq_Frame0012_GyroscopeToTrackerTransformStatus = OK
Seq_Frame0012_MagnetometerToTrackerTransform = 1 0 0 -0.28785 0 1 0 0.33027 0 0 1 -0.06363 0 0 0 1
Seq_Frame0012_MagnetometerToTrackerTransformStatus = OK
Seq_Frame0012_OrientationSensorToTrackerTransform = -0.530452 0.773587 -0.346675 0 -0.628426 -0.633317 -0.451652 0 -0.568948 -0.0217201 0.822087 0 0 0 0 1
Seq_Frame0012_OrientationSensorToTrackerTransformStatus = OK
Seq_Frame0012_TiltSensorToTrackerTransform = 0.823054 0 0.567964 0 -0.0121765 0.99977 0.0176453 0 -0.567833 -0.0214389 0.822864 0 0 0 0 1
Seq_Frame0012_TiltSensorToTrackerTransformStatus = OK
Seq_Frame0012_Timestamp = 12290.324000
Seq_Frame0012_ImageStatus = INVALID
Seq_Frame0013_AccelerometerToTrackerTransform = 1 0 0 -0.564 0 1 0 -0.02056 0 0 1 0.81638 0 0 0 1
Seq_Frame0013_AccelerometerToTrackerTransformStatus = OK
Seq_Frame0013_FilteredTiltSensorToTrackerTransform = 0.826685 0 0.562664 0 -0.00727294 0.999916 0.0106856 0 -0.562617 -0.0129259 0.826616 0 0 0 0 1 
Seq_Frame0013_FilteredTiltSensorToTrackerTransformStatus = OK
Seq_Frame0013_GyroscopeToTrackerTransform = 1 0 0 -0.05035 0 1 0 -0.21149 0 0 1 0.02684 0 0 0 1
Seq_Frame0013_GyroscopeToTrackerTransformStatus = OK
Seq_Frame0013_MagnetometerToTrackerTransform = 1 0 0 -0.28785 0 1 0 0.33027 0 0 1 -0.06363 0 0 0 1
Seq_Frame0013_MagnetometerToTrackerTransformStatus = OK
Seq_Frame0013_OrientationSensorToTrackerTransform = -0.530461 0.77356 -0.346723 0 -0.628411 -0.633352 -0.451624 0 -0.568956 -0.0216841 0.822082 0 0 0 0 1
Seq_Frame0013_OrientationSensorToTrackerTransformStatus = OK
Seq_Frame0013_TiltSensorToTrackerTransform = 0.822751 0 0.568402 0 -0.011775 0.999785 0.0170441 0 -0.56828 -0.020716 0.822575 0 0 0 0 1
Seq_Frame0013_TiltSensorToTrackerTransformStatus = OK
Seq_Frame0013_Timestamp = 12290.332000
Seq_Frame0013_ImageStatus = INVALID
Seq_Frame0014_AccelerometerToTrackerTransform = 1 0 0 -0.56339 0 1 0 -0.02148 0 0 1 0.81612 0 0 0 1
Seq_Frame0014_AccelerometerToTrackerTransformStatus = OK
Seq_Frame0014_FilteredTiltSensorToTrackerTransform = 0.821618 0 0.570038 0 -0.0140986 0.999694 0.0203208 0 -0.569864 -0.0247327 0.821367 0 0 0 0 1 
Seq_Frame0014_FilteredTiltSensorToTrackerTransformStatus = OK
Seq_Frame0014_GyroscopeToTrackerTransform = 1 0 0 0.16113 0 1 0 0.01007 0 0 1 0.08052 0 0 0 1
Seq_Frame0014_GyroscopeToTrackerTransformStatus = OK
Seq_Frame0014_MagnetometerToTrackerTransform = 1 0 0 -0.28785 0 1 0 0.3333 0 0 1 -0.06363 0 0 0 1
Seq_Frame0014_MagnetometerToTrackerTransformStatus = OK
Seq_Frame0014_OrientationSensorToTrackerTransform = -0.530411 0.773599 -0.346711 0 -0.628455 -0.633305 -0.451629 0 -0.568954 -0.0216567 0.822084 0 0 0 0 1
Seq_Frame0014_OrientationSensorToTrackerTransformStatus = OK
Seq_Frame0014_TiltSensorToTrackerTransform = 0.822954 0 0.568108 0 -0.0123023 0.999766 0.0178209 0 -0.567975 -0.0216548 0.822761 0 0 0 0 1
Seq_Frame0014_TiltSensorToTrackerTransformStatus = OK
Seq_Frame0014_Timestamp = 12290.340000
Seq_Frame0014_ImageStatus = INVALID
Seq_Frame0015_AccelerometerToTrackerTransform = 1 0 0 -0.56347 0 1 0 -0.02083 0 0 1 0.81669 0 0 0 1
Seq_Frame0015_AccelerometerToTrackerTransformStatus = OK
Seq_Frame0015_FilteredTiltSensorToTrackerTransform = 0.826302 0 0.563228 0 -0.00723172 0.999918 0.0106095 0 -0.563181 -0.0128398 0.826234 0 0 0 0 1 
Seq_Frame0015_FilteredTiltSensorToTrackerTransformStatus = OK
Seq_Frame0015_GyroscopeToTrackerTransform = 1 0 0 0.06042 0 1 0 0.08057 0 0 1 0.00671 0 0 0 1
Seq_Frame0015_GyroscopeToTrackerTransformStatus = OK
Seq_Frame0015_MagnetometerToTrackerTransform = 1 0 0 -0.28482 0 1 0 0.33027 0 0 1 -0.06363 0 0 0 1
Seq_Frame0015_MagnetometerToTrackerTransformStatus = OK
Seq_Frame0015_OrientationSensorToTrackerTransform = -0.530356 0.773637 -0.34671 0 -0.628506 -0.63326 -0.451621 0 -0.568949 -0.021611 0.822089 0 0 0 0 1
Seq_Frame0015_OrientationSensorToTrackerTransformStatus = OK
Seq_Frame0015_TiltSensorToTrackerTransform = 0.823102 0 0.567894 0 -0.0119195 0.99978 0.017276 0 -0.567769 -0.0209889 0.822921 0 0 0 0 1
Seq_Frame0015_TiltSensorToTrackerTransformStatus = OK
Seq_Frame0015_Timestamp = 12290.348000
Seq_Frame0015_ImageStatus = INVALID
Seq_Frame0016_AccelerometerToTrackerTransform = 1 0 0 -0.56408 0 1 0 -0.02056 0 0 1 0.81688 0 0 0 1
Seq_Frame0016_AccelerometerToTrackerTransformStatus = OK
Seq_Frame0016_FilteredTiltSensorToTrackerTransform = 0.820509 0 0.571633 0 -0.014879 0.999661 0.0213571 0 -0.571439 -0.026029 0.820231 0 0 0 0 1 
Seq_Frame0016_FilteredTiltSensorToTrackerTransformStatus = OK
Seq_Frame0016_GyroscopeToTrackerTransform = 1 0 0 0.20142 0 1 0 0.27191 0 0 1 -0.09394 0 0 0 1
Seq_Frame0016_GyroscopeToTrackerTransformStatus = OK
Seq_Frame0016_MagnetometerToTrackerTransform = 1 0 0 -0.28785 0 1 0 0.33027 0 0 1 -0.06363 0 0 0 1
Seq_Frame0016_MagnetometerToTrackerTransformStatus = OK
Seq_Frame0016_OrientationSensorToTrackerTransform = -0.530364 0.773581 -0.346823 0 -0.628446 -0.63333 -0.451606 0 -0.569007 -0.0215562 0.82205 0 0 0 0 1
Seq_Frame0016_OrientationSensorToTrackerTransformStatus = OK
Seq_Frame0016_TiltSensorToTrackerTransform = 0.822876 0 0.568221 0 -0.0117658 0.999786 0.0170389 0 -0.568099 -0.0207065 0.8227 0 0 0 0 1
Seq_Frame0016_TiltSensorToTrackerTransformStatus = OK
Seq_Frame0016_Timestamp = 12290.356000
Seq_Frame0016_ImageStatus = INVALID
Seq_Frame0017_AccelerometerToTrackerTransform = 1 0 0 -0.56389 0 1 0 -0.02094 0 0 1 0.81699 0 0 0 1
Seq_Frame0017_AccelerometerToTrackerTransformStatus = OK
Seq_Frame0017_FilteredTiltSensorToTrackerTransform = 0.825901 0 0.563815 0 -0.00861906 0.999883 0.0126256 0 -0.56375 -0.015287 0.825804 0 0 0 0 1 
Seq_Frame0017_FilteredTiltSensorToTrackerTransformStatus = OK
Seq_Frame0017_GyroscopeToTrackerTransform = 1 0 0 0.01007 0 1 0 0.06042 0 0 1 0.04026 0 0 0 1
Seq_Frame0017_GyroscopeToTrackerTransformStatus = OK
Seq_Frame0017_MagnetometerToTrackerTransform = 1 0 0 -0.28785 0 1 0 0.33027 0 0 1 -0.06363 0 0 0 1
Seq_Frame0017_MagnetometerToTrackerTransformStatus = OK
Seq_Frame0017_OrientationSensorToTrackerTransform = -0.530382 0.773552 -0.346861 0 -0.62842 -0.633367 -0.451591 0 -0.569019 -0.0215416 0.822042 0 0 0 0 1
Seq_Frame0017_OrientationSensorToTrackerTransformStatus = OK
Seq_Frame0017_TiltSensorToTrackerTransform = 0.823002 0 0.568039 0 -0.0119796 0.999778 0.0173566 0 -0.567913 -0.0210894 0.822818 0 0 0 0 1
Seq_Frame0017_TiltSensorToTrackerTransformStatus = OK
Seq_Frame0017_Timestamp = 12290.364000
Seq_Frame0017_ImageStatus = INVALID
Seq_Frame0018_AccelerometerToTrackerTransform = 1 0 0 -0.56381 0 1 0 -0.02087 0 0 1 0.81696 0 0 0 1
Seq_Frame0018_AccelerometerToTrackerTransformStatus = OK
Seq_Frame0018_FilteredTiltSensorToTrackerTransform = 0.820358 0 0.57185 0 -0.0150494 0.999654 0.0215894 0 -0.571652 -0.0263171 0.820074 0 0 0 0 1 
Seq_Frame0018_FilteredTiltSensorToTrackerTransformStatus = OK
Seq_Frame0018_GyroscopeToTrackerTransform = 1 0 0 -0.0705 0 1 0 -0.01007 0 0 1 0.08723 0 0 0 1
Seq_Frame0018_GyroscopeToTrackerTransformStatus = OK
Seq_Frame0018_MagnetometerToTrackerTransform = 1 0 0 -0.28785 0 1 0 0.33027 0 0 1 -0.06363 0 0 0 1
Seq_Frame0018_MagnetometerToTrackerTransformStatus = OK
Seq_Frame0018_OrientationSensorToTrackerTransform = -0.530398 0.773529 -0.346887 0 -0.628403 -0.633395 -0.451576 0 -0.569024 -0.0215297 0.822039 0 0 0 0 1
Seq_Frame0018_OrientationSensorToTrackerTransformStatus = OK
Seq_Frame0018_TiltSensorToTrackerTransform = 0.823029 0 0.567999 0 -0.0119396 0.999779 0.0173004 0 -0.567873 -0.0210204 0.822848 0 0 0 0 1
Seq_Frame0018_TiltSensorToTrackerTransformStatus = OK
Seq_Frame0018_Timestamp = 12290.372000
Seq_Frame0018_ImageStatus = INVALID
Seq_Frame0019_AccelerometerToTrackerTransform = 1 0 0 -0.56393 0 1 0 -0.02144 0 0 1 0.81642 0 0 0 1
Seq_Frame0019_AccelerometerToTrackerTransformStatus = OK
Seq_Frame0019_FilteredTiltSensorToTrackerTransform = 0.825809 0 0.56395 0 -0.00887667 0.999876 0.0129984 0 -0.56388 -0.0157402 0.825707 0 0 0 0 1 
Seq_Frame0019_FilteredTiltSensorToTrackerTransformStatus = OK
Seq_Frame0019_GyroscopeToTrackerTransform = 1 0 0 -0.04028 0 1 0 0.0705 0 0 1 -0.10736 0 0 0 1
Seq_Frame0019_GyroscopeToTrackerTransformStatus = OK
Seq_Frame0019_MagnetometerToTrackerTransform = 1 0 0 -0.28482 0 1 0 0.33027 0 0 1 -0.06363 0 0 0 1
Seq_Frame0019_MagnetometerToTrackerTransformStatus = OK
Seq_Frame0019_OrientationSensorToTrackerTransform = -0.530362 0.773566 -0.34686 0 -0.628421 -0.63335 -0.451614 0 -0.569037 -0.0215446 0.82203 0 0 0 0 1
Seq_Frame0019_OrientationSensorToTrackerTransformStatus = OK
Seq_Frame0019_TiltSensorToTrackerTransform = 0.822797 0 0.568335 0 -0.0122774 0.999767 0.0177744 0 -0.568202 -0.0216024 0.822605 0 0 0 0 1
Seq_Frame0019_TiltSensorToTrackerTransformStatus = OK
Seq_Frame0019_Timestamp = 12290.380000
Seq_Frame0019_ImageStatus = INVALID
Seq_Frame0020_AccelerometerToTrackerTransform = 1 0 0 -0.564 0 1 0 -0.0211 0 0 1 0.81654 0 0 0 1
Seq_Frame0020_AccelerometerToTrackerTransformStatus = OK
Seq_Frame0020_FilteredTiltSensorToTrackerTransform = 0.820055 0 0.572285 0 -0.0150391 0.999655 0.0215503 0 -0.572088 -0.0262791 0.819771 0 0 0 0 1 
Seq_Frame0020_FilteredTiltSensorToTrackerTransformStatus = OK
Seq_Frame0020_GyroscopeToTrackerTransform = 1 0 0 0.14099 0 1 0 -0.22156 0 0 1 -0.00671 0 0 0 1
Seq_Frame0020_GyroscopeToTrackerTransformStatus = OK
Seq_Frame0020_MagnetometerToTrackerTransform = 1 0 0 -0.28785 0 1 0 0.33027 0 0 1 -0.06363 0 0 0 1
Seq_Frame0020_MagnetometerToTrackerTransformStatus = OK
Seq_Frame0020_OrientationSensorToTrackerTransform = -0.530396 0.773526 -0.346896 0 -0.628395 -0.633398 -0.451582 0 -0.569034 -0.0215294 0.822032 0 0 0 0 1
Seq_Frame0020_OrientationSensorToTrackerTransformStatus = OK
Seq_Frame0020_TiltSensorToTrackerTransform = 0.822803 0 0.568326 0 -0.0120809 0.999774 0.0174904 0 -0.568198 -0.021257 0.822617 0 0 0 0 1
Seq_Frame0020_TiltSensorToTrackerTransformStatus = OK
Seq_Frame0020_Timestamp = 12290.388000
Seq_Frame0020_ImageStatus = INVALID
Seq_Frame0021_AccelerometerToTrackerTransform = 1 0 0 -0.56366 0 1 0 -0.02106 0 0 1 0.81711 0 0 0 1
Seq_Frame0021_AccelerometerToTrackerTransformStatus = OK
Seq_Frame0021_FilteredTiltSensorToTrackerTransform = 0.826679 0 0.562674 0 -0.00866004 0.999882 0.0127233 0 -0.562607 -0.0153909 0.826581 0 0 0 0 1 
Seq_Frame0021_FilteredTiltSensorToTrackerTransformStatus = OK
Seq_Frame0021_GyroscopeToTrackerTransform = 1 0 0 0.05035 0 1 0 -0.16113 0 0 1 0.03355 0 0 0 1
Seq_Frame0021_GyroscopeToTrackerTransformStatus = OK
Seq_Frame0021_MagnetometerToTrackerTransform = 1 0 0 -0.28785 0 1 0 0.33027 0 0 1 -0.06363 0 0 0 1
Seq_Frame0021_MagnetometerToTrackerTransformStatus = OK
Seq_Frame0021_OrientationSensorToTrackerTransform = -0.530437 0.773491 -0.346912 0 -0.628384 -0.633442 -0.451537 0 -0.569008 -0.021518 0.82205 0 0 0 0 1
Seq_Frame0021_OrientationSensorToTrackerTransformStatus = OK
Seq_Frame0021_TiltSensorToTrackerTransform = 0.823149 0 0.567826 0 -0.0120441 0.999775 0.0174597 0 -0.567698 -0.0212109 0.822964 0 0 0 0 1
Seq_Frame0021_TiltSensorToTrackerTransformStatus = OK
Seq_Frame0021_Timestamp = 12290.396000
Seq_Frame0021_ImageStatus = INVALID
Seq_Frame0022_AccelerometerToTrackerTransform = 1 0 0 -0.5632 0 1 0 -0.0222 0 0 1 0.81711 0 0 0 1
Seq_Frame0022_AccelerometerToTrackerTransformStatus = OK
Seq_Frame0022_FilteredTiltSensorToTrackerTransform = 0.821303 0 0.570493 0 -0.0152093 0.999645 0.0218959 0 -0.57029 -0.02666 0.821011 0 0 0 0 1 
Seq_Frame0022_FilteredTiltSensorToTrackerTransformStatus = OK
Seq_Frame0022_GyroscopeToTrackerTransform = 1 0 0 0.15106 0 1 0 0.02014 0 0 1 -0.07381 0 0 0 1
Seq_Frame0022_GyroscopeToTrackerTransformStatus = OK
Seq_Frame0022_MagnetometerToTrackerTransform = 1 0 0 -0.28785 0 1 0 0.33027 0 0 1 -0.06363 0 0 0 1
Seq_Frame0022_MagnetometerToTrackerTransformStatus = OK
Seq_Frame0022_OrientationSensorToTrackerTransform = -0.530512 0.773447 -0.346896 0 -0.628342 -0.633494 -0.451522 0 -0.568985 -0.0215687 0.822065 0 0 0 0 1
Seq_Frame0022_OrientationSensorToTrackerTransformStatus = OK
Seq_Frame0022_TiltSensorToTrackerTransform = 0.823365 0 0.567512 0 -0.012692 0.99975 0.018414 0 -0.56737 -0.0223644 0.823159 0 0 0 0 1
Seq_Frame0022_TiltSensorToTrackerTransformStatus = OK
Seq_Frame0022_Timestamp = 12290.404000
Seq_Frame0022_ImageStatus = INVALID
Seq_Frame0023_AccelerometerToTrackerTransform = 1 0 0 -0.56366 0 1 0 -0.02247 0 0 1 0.81734 0 0 0 1
Seq_Frame0023_AccelerometerToTrackerTransformStatus = OK
Seq_Frame0023_FilteredTiltSensorToTrackerTransform = 0.82652 0 0.562907 0 -0.00881747 0.999877 0.0129468 0 -0.562838 -0.0156642 0.826419 0 0 0 0 1 
Seq_Frame0023_FilteredTiltSensorToTrackerTransformStatus = OK
Seq_Frame0023_GyroscopeToTrackerTransform = 1 0 0 0.12085 0 1 0 -0.08057 0 0 1 -0.14763 0 0 0 1
Seq_Frame0023_GyroscopeToTrackerTransformStatus = OK
Seq_Frame0023_MagnetometerToTrackerTransform = 1 0 0 -0.28785 0 1 0 0.33027 0 0 1 -0.06363 0 0 0 1
Seq_Frame0023_MagnetometerToTrackerTransformStatus = OK
Seq_Frame0023_OrientationSensorToTrackerTransform = -0.530597 0.7734 -0.346871 0 -0.628288 -0.633549 -0.45152 0 -0.568966 -0.0216403 0.822077 0 0 0 0 1
Seq_Frame0023_OrientationSensorToTrackerTransformStatus = OK
Seq_Frame0023_TiltSensorToTrackerTransform = 0.823223 0 0.567717 0 -0.0128451 0.999744 0.0186262 0 -0.567572 -0.022626 0.823013 0 0 0 0 1
Seq_Frame0023_TiltSensorToTrackerTransformStatus = OK
Seq_Frame0023_Timestamp = 12290.412000
Seq_Frame0023_ImageStatus = INVALID
Seq_Frame0024_AccelerometerToTrackerTransform = 1 0 0 -0.56301 0 1 0 -0.02228 0 0 1 0.81772 0 0 0 1
Seq_Frame0024_AccelerometerToTrackerTransformStatus = OK
Seq_Frame0024_FilteredTiltSensorToTrackerTransform = 0.821462 0 0.570263 0 -0.0157183 0.99962 0.0226422 0 -0.570047 -0.0275633 0.82115 0 0 0 0 1 
Seq_Frame0024_FilteredTiltSensorToTrackerTransformStatus = OK
Seq_Frame0024_GyroscopeToTrackerTransform = 1 0 0 0 0 1 0 0.05035 0 0 1 0.00671 0 0 0 1
Seq_Frame0024_GyroscopeToTrackerTransformStatus = OK
Seq_Frame0024_MagnetometerToTrackerTransform = 1 0 0 -0.28785 0 1 0 0.33027 0 0 1 -0.06363 0 0 0 1
Seq_Frame0024_MagnetometerToTrackerTransformStatus = OK
Seq_Frame0024_OrientationSensorToTrackerTransform = -0.530666 0.773371 -0.34683 0 -0.628263 -0.633583 -0.451507 0 -0.568928 -0.0216987 0.822101 0 0 0 0 1
Seq_Frame0024_OrientationSensorToTrackerTransformStatus = OK
Seq_Frame0024_TiltSensorToTrackerTransform = 0.823653 0 0.567095 0 -0.0127233 0.999748 0.0184795 0 -0.566952 -0.022436 0.823445 0 0 0 0 1
Seq_Frame0024_TiltSensorToTrackerTransformStatus = OK
Seq_Frame0024_Timestamp = 12290.420000
Seq_Frame0024_ImageStatus = INVALID
Seq_Frame0025_AccelerometerToTrackerTransform = 1 0 0 -0.56393 0 1 0 -0.02151 0 0 1 0.81661 0 0 0 1
Seq_Frame0025_AccelerometerToTrackerTransformStatus = OK
Seq_Frame0025_FilteredTiltSensorToTrackerTransform = 0.824723 0 0.565536 0 -0.00772389 0.999907 0.0112638 0 -0.565484 -0.0136576 0.824646 0 0 0 0 1 
Seq_Frame0025_FilteredTiltSensorToTrackerTransformStatus = OK
Seq_Frame0025_GyroscopeToTrackerTransform = 1 0 0 0.26184 0 1 0 0.2417 0 0 1 0.04026 0 0 0 1
Seq_Frame0025_GyroscopeToTrackerTransformStatus = OK
Seq_Frame0025_MagnetometerToTrackerTransform = 1 0 0 -0.28785 0 1 0 0.33027 0 0 1 -0.06363 0 0 0 1
Seq_Frame0025_MagnetometerToTrackerTransformStatus = OK
Seq_Frame0025_OrientationSensorToTrackerTransform = -0.530674 0.773334 -0.3469 0 -0.628212 -0.633628 -0.451514 0 -0.568977 -0.0216797 0.822068 0 0 0 0 1
Seq_Frame0025_OrientationSensorToTrackerTransformStatus = OK
Seq_Frame0025_TiltSensorToTrackerTransform = 0.822859 0 0.568245 0 -0.0123136 0.999765 0.017831 0 -0.568112 -0.0216695 0.822666 0 0 0 0 1
Seq_Frame0025_TiltSensorToTrackerTransformStatus = OK
Seq_Frame0025_Timestamp = 12290.428000
Seq_Frame0025_ImageStatus = INVALID
Seq_Frame0026_AccelerometerToTrackerTransform = 1 0 0 -0.56416 0 1 0 -0.02155 0 0 1 0.81646 0 0 0 1
Seq_Frame0026_AccelerometerToTrackerTransformStatus = OK
Seq_Frame0026_FilteredTiltSensorToTrackerTransform = 0.821201 0 0.570639 0 -0.015756 0.999619 0.0226742 0 -0.570422 -0.0276111 0.820888 0 0 0 0 1 
Seq_Frame0026_FilteredTiltSensorToTrackerTransformStatus = OK
Seq_Frame0026_GyroscopeToTrackerTransform = 1 0 0 0.08057 0 1 0 0.12085 0 0 1 0.02684 0 0 0 1
Seq_Frame0026_GyroscopeToTrackerTransformStatus = OK
Seq_Frame0026_MagnetometerToTrackerTransform = 1 0 0 -0.28785 0 1 0 0.33027 0 0 1 -0.06363 0 0 0 1
Seq_Frame0026_MagnetometerToTrackerTransformStatus = OK
Seq_Frame0026_OrientationSensorToTrackerTransform = -0.530685 0.773306 -0.346946 0 -0.628162 -0.633662 -0.451536 0 -0.569022 -0.0216847 0.822036 0 0 0 0 1
Seq_Frame0026_OrientationSensorToTrackerTransformStatus = OK
Seq_Frame0026_TiltSensorToTrackerTransform = 0.822702 0 0.568473 0 -0.0123413 0.999764 0.0178606 0 -0.568339 -0.0217096 0.822508 0 0 0 0 1
Seq_Frame0026_TiltSensorToTrackerTransformStatus = OK
Seq_Frame0026_Timestamp = 12290.436000
Seq_Frame0026_ImageStatus = INVALID
Seq_Frame0027_AccelerometerToTrackerTransform = 1 0 0 -0.56335 0 1 0 -0.02186 0 0 1 0.81635 0 0 0 1
Seq_Frame0027_AccelerometerToTrackerTransformStatus = OK
Seq_Frame0027_FilteredTiltSensorToTrackerTransform = 0.825944 0 0.563752 0 -0.00745526 0.999913 0.0109226 0 -0.563702 -0.0132244 0.825872 0 0 0 0 1 
Seq_Frame0027_FilteredTiltSensorToTrackerTransformStatus = OK
Seq_Frame0027_GyroscopeToTrackerTransform = 1 0 0 0.16113 0 1 0 -0.09064 0 0 1 0.10736 0 0 0 1
Seq_Frame0027_GyroscopeToTrackerTransformStatus = OK
Seq_Frame0027_MagnetometerToTrackerTransform = 1 0 0 -0.28785 0 1 0 0.3333 0 0 1 -0.06363 0 0 0 1
Seq_Frame0027_MagnetometerToTrackerTransformStatus = OK
Seq_Frame0027_OrientationSensorToTrackerTransform = -0.530639 0.77336 -0.346896 0 -0.628227 -0.633597 -0.451537 0 -0.568993 -0.0216733 0.822057 0 0 0 0 1
Seq_Frame0027_OrientationSensorToTrackerTransformStatus = OK
Seq_Frame0027_TiltSensorToTrackerTransform = 0.823048 0 0.567972 0 -0.0125147 0.999757 0.018135 0 -0.567834 -0.022034 0.822848 0 0 0 0 1
Seq_Frame0027_TiltSensorToTrackerTransformStatus = OK
Seq_Frame0027_Timestamp = 12290.444000
Seq_Frame0027_ImageStatus = INVALID
Seq_Frame0028_AccelerometerToTrackerTransform = 1 0 0 -0.56419 0 1 0 -0.02056 0 0 1 0.81799 0 0 0 1
Seq_Frame0028_AccelerometerToTrackerTransformStatus = OK
Seq_Frame0028_FilteredTiltSensorToTrackerTransform = 0.821288 0 0.570514 0 -0.0146983 0.999668 0.0211591 0 -0.570325 -0.0257633 0.821015 0 0 0 0 1 
Seq_Frame0028_FilteredTiltSensorToTrackerTransformStatus = OK
Seq_Frame0028_GyroscopeToTrackerTransform = 1 0 0 -0.02014 0 1 0 0.09064 0 0 1 0.06039 0 0 0 1
Seq_Frame0028_GyroscopeToTrackerTransformStatus = OK
Seq_Frame0028_MagnetometerToTrackerTransform = 1 0 0 -0.28785 0 1 0 0.33027 0 0 1 -0.06363 0 0 0 1
Seq_Frame0028_MagnetometerToTrackerTransformStatus = OK
Seq_Frame0028_OrientationSensorToTrackerTransform = -0.530641 0.773339 -0.346939 0 -0.628225 -0.633624 -0.451503 0 -0.568994 -0.0216303 0.822057 0 0 0 0 1
Seq_Frame0028_OrientationSensorToTrackerTransformStatus = OK
Seq_Frame0028_TiltSensorToTrackerTransform = 0.823185 0 0.567773 0 -0.011745 0.999786 0.0170285 0 -0.567652 -0.0206861 0.823009 0 0 0 0 1
Seq_Frame0028_TiltSensorToTrackerTransformStatus = OK
Seq_Frame0028_Timestamp = 12290.452000
Seq_Frame0028_ImageStatus = INVALID
Seq_Frame0029_AccelerometerToTrackerTransform = 1 0 0 -0.56351 0 1 0 -0.02167 0 0 1 0.81665 0 0 0 1
Seq_Frame0029_AccelerometerToTrackerTransformStatus = OK
Seq_Frame0029_FilteredTiltSensorToTrackerTransform = 0.826372 0 0.563125 0 -0.00816009 0.999895 0.0119747 0 -0.563065 -0.0144907 0.826285 0 0 0 0 1 
Seq_Frame0029_FilteredTiltSensorToTrackerTransformStatus = OK
Seq_Frame0029_GyroscopeToTrackerTransform = 1 0 0 0.18127 0 1 0 -0.06042 0 0 1 0.08723 0 0 0 1
Seq_Frame0029_GyroscopeToTrackerTransformStatus = OK
Seq_Frame0029_MagnetometerToTrackerTransform = 1 0 0 -0.28785 0 1 0 0.33027 0 0 1 -0.06363 0 0 0 1
Seq_Frame0029_MagnetometerToTrackerTransformStatus = OK
Seq_Frame0029_OrientationSensorToTrackerTransform = -0.530672 0.77331 -0.346957 0 -0.628203 -0.633659 -0.451483 0 -0.568989 -0.0216293 0.822061 0 0 0 0 1
Seq_Frame0029_OrientationSensorToTrackerTransformStatus = OK
Seq_Frame0029_TiltSensorToTrackerTransform = 0.82307 0 0.56794 0 -0.0124011 0.999762 0.0179719 0 -0.567805 -0.0218351 0.822874 0 0 0 0 1
Seq_Frame0029_TiltSensorToTrackerTransformStatus = OK
Seq_Frame0029_Timestamp = 12290.460000
Seq_Frame0029_ImageStatus = INVALID
Seq_Frame0030_AccelerometerToTrackerTransform = 1 0 0 -0.56438 0 1 0 -0.02087 0 0 1 0.81718 0 0 0 1
Seq_Frame0030_AccelerometerToTrackerTransformStatus = OK
Seq_Frame0030_FilteredTiltSensorToTrackerTransform = 0.820637 0 0.571449 0 -0.0142935 0.999687 0.0205264 0 -0.571271 -0.0250128 0.820381 0 0 0 0 1 
Seq_Frame0030_FilteredTiltSensorToTrackerTransformStatus = OK
Seq_Frame0030_GyroscopeToTrackerTransform = 1 0 0 0.12085 0 1 0 -0.09064 0 0 1 0.10736 0 0 0 1
Seq_Frame0030_GyroscopeToTrackerTransformStatus = OK
Seq_Frame0030_MagnetometerToTrackerTransform = 1 0 0 -0.28785 0 1 0 0.33027 0 0 1 -0.06666 0 0 0 1
Seq_Frame0030_MagnetometerToTrackerTransformStatus = OK
Seq_Frame0030_OrientationSensorToTrackerTransform = -0.530725 0.773234 -0.347045 0 -0.628138 -0.633752 -0.451443 0 -0.569012 -0.0216002 0.822046 0 0 0 0 1
Seq_Frame0030_OrientationSensorToTrackerTransformStatus = OK
Seq_Frame0030_TiltSensorToTrackerTransform = 0.822833 0 0.568284 0 -0.0119395 0.999779 0.0172875 0 -0.568158 -0.0210097 0.822651 0 0 0 0 1
Seq_Frame0030_TiltSensorToTrackerTransformStatus = OK
Seq_Frame0030_Timestamp = 12290.468000
Seq_Frame0030_ImageStatus = INVALID
Seq_Frame0031_AccelerometerToTrackerTransform = 1 0 0 -0.5637 0 1 0 -0.02117 0 0 1 0.81738 0 0 0 1
Seq_Frame0031_AccelerometerToTrackerTransformStatus = OK
Seq_Frame0031_FilteredTiltSensorToTrackerTransform = 0.826772 0 0.562538 0 -0.00910406 0.999869 0.0133804 0 -0.562464 -0.0161839 0.826663 0 0 0 0 1 
Seq_Frame0031_FilteredTiltSensorToTrackerTransformStatus = OK
Seq_Frame0031_GyroscopeToTrackerTransform = 1 0 0 0.03021 0 1 0 -0.02014 0 0 1 -0.02684 0 0 0 1
Seq_Frame0031_GyroscopeToTrackerTransformStatus = OK
Seq_Frame0031_MagnetometerToTrackerTransform = 1 0 0 -0.28785 0 1 0 0.33027 0 0 1 -0.06363 0 0 0 1
Seq_Frame0031_MagnetometerToTrackerTransformStatus = OK
Seq_Frame0031_OrientationSensorToTrackerTransform = -0.530756 0.773207 -0.347057 0 -0.628124 -0.633786 -0.451416 0 -0.568998 -0.021597 0.822055 0 0 0 0 1
Seq_Frame0031_OrientationSensorToTrackerTransformStatus = OK
Seq_Frame0031_TiltSensorToTrackerTransform = 0.823218 0 0.567726 0 -0.0121018 0.999773 0.017548 0 -0.567597 -0.0213163 0.823031 0 0 0 0 1
Seq_Frame0031_TiltSensorToTrackerTransformStatus = OK
Seq_Frame0031_Timestamp = 12290.476000
Seq_Frame0031_ImageStatus = INVALID
Seq_Frame0032_AccelerometerToTrackerTransform = 1 0 0 -0.56381 0 1 0 -0.0214 0 0 1 0.81665 0 0 0 1
Seq_Frame0032_AccelerometerToTrackerTransformStatus = OK
Seq_Frame0032_FilteredTiltSensorToTrackerTransform = 0.819567 0 0.572984 0 -0.015018 0.999656 0.021481 0 -0.572787 -0.0262101 0.819285 0 0 0 0 1 
Seq_Frame0032_FilteredTiltSensorToTrackerTransformStatus = OK
Seq_Frame0032_GyroscopeToTrackerTransform = 1 0 0 -0.05035 0 1 0 0.0705 0 0 1 0.04697 0 0 0 1
Seq_Frame0032_GyroscopeToTrackerTransformStatus = OK
Seq_Frame0032_MagnetometerToTrackerTransform = 1 0 0 -0.28482 0 1 0 0.33027 0 0 1 -0.06363 0 0 0 1
Seq_Frame0032_MagnetometerToTrackerTransformStatus = OK
Seq_Frame0032_OrientationSensorToTrackerTransform = -0.530691 0.77327 -0.347017 0 -0.628177 -0.633709 -0.45145 0 -0.569001 -0.0215925 0.822054 0 0 0 0 1
Seq_Frame0032_OrientationSensorToTrackerTransformStatus = OK
Seq_Frame0032_TiltSensorToTrackerTransform = 0.822929 0 0.568145 0 -0.0122489 0.999768 0.0177419 0 -0.568013 -0.0215595 0.822737 0 0 0 0 1
Seq_Frame0032_TiltSensorToTrackerTransformStatus = OK
Seq_Frame0032_Timestamp = 12290.484000
Seq_Frame0032_ImageStatus = INVALID
Seq_Frame0033_AccelerometerToTrackerTransform = 1 0 0 -0.56362 0 1 0 -0.02151 0 0 1 0.81699 0 0 0 1
Seq_Frame0033_AccelerometerToTrackerTransformStatus = OK
Seq_Frame0033_FilteredTiltSensorToTrackerTransform = 0.825956 0 0.563735 0 -0.010153 0.999838 0.0148757 0 -0.563643 -0.0180102 0.825822 0 0 0 0 1 
Seq_Frame0033_FilteredTiltSensorToTrackerTransformStatus = OK
Seq_Frame0033_GyroscopeToTrackerTransform = 1 0 0 -0.04028 0 1 0 0.19135 0 0 1 0.05368 0 0 0 1
Seq_Frame0033_GyroscopeToTrackerTransformStatus = OK
Seq_Frame0033_MagnetometerToTrackerTransform = 1 0 0 -0.28785 0 1 0 0.33027 0 0 1 -0.06363 0 0 0 1
Seq_Frame0033_MagnetometerToTrackerTransformStatus = OK
Seq_Frame0033_OrientationSensorToTrackerTransform = -0.530711 0.773251 -0.347028 0 -0.628146 -0.633731 -0.451461 0 -0.569015 -0.0216105 0.822043 0 0 0 0 1
Seq_Frame0033_OrientationSensorToTrackerTransformStatus = OK
Seq_Frame0033_TiltSensorToTrackerTransform = 0.823129 0 0.567855 0 -0.0123034 0.999765 0.0178343 0 -0.567722 -0.0216665 0.822935 0 0 0 0 1
Seq_Frame0033_TiltSensorToTrackerTransformStatus = OK
Seq_Frame0033_Timestamp = 12290.492000
Seq_Frame0033_ImageStatus = INVALID
Seq_Frame0034_AccelerometerToTrackerTransform = 1 0 0 -0.56366 0 1 0 -0.02113 0 0 1 0.81627 0 0 0 1
Seq_Frame0034_AccelerometerToTrackerTransformStatus = OK
Seq_Frame0034_FilteredTiltSensorToTrackerTransform = 0.819016 0 0.57377 0 -0.0145516 0.999678 0.0207713 0 -0.573586 -0.0253613 0.818753 0 0 0 0 1 
Seq_Frame0034_FilteredTiltSensorToTrackerTransformStatus = OK
Seq_Frame0034_GyroscopeToTrackerTransform = 1 0 0 -0.06042 0 1 0 0.11078 0 0 1 0.14763 0 0 0 1
