ObjectType = Image
NDims = 3
BinaryData = True
BinaryDataByteOrderMSB = False
CompressedData = False
TransformMatrix = 1 0 0 0 1 0 0 0 1
Offset = 0 0 0
CenterOfRotation = 0 0 0
AnatomicalOrientation = RAI
ElementSpacing = 1 1 1
CustomFieldNames = ImageToProbe Tool1CalibMatrix StylusTipToStylus DefaultFrameTransformName UltrasoundImageOrientation 
CustomFrameFieldNames = Timestamp UnfilteredTimestamp FrameNumber ProbeToReferenceTransformStatus ProbeToReferenceTransform Reference Stylus 
DefaultFrameTransformName = ProbeToReferenceTransform
ImageToProbeTransform = 1.000000 0.000000 0.000000 0.000000 0.000000 1.000000 0.000000 0.000000 0.000000 0.000000 1.000000 0.000000 0.000000 0.000000 0.000000 1.000000 
Seq_Frame0000_FrameNumber = 3
Seq_Frame0000_ProbeToReferenceTransform = 0.0634969 -0.996788 0.048796 0.658674 0.975085 0.0723794 0.20969 18.5984 -0.212549 0.0342656 0.976549 45.1957 0 0 0 1 
Seq_Frame0000_Reference = -0.0809767 0.99572 -0.0445541 -316.773 -0.986159 -0.07355 0.148598 -87.8694 0.144685 0.0559703 0.987894 -1526.87 0 0 0 1 
Seq_Frame0000_ProbeToReferenceTransformStatus = TR_OK 
Seq_Frame0000_Stylus = 1 0 0 0 0 1 0 0 0 0 1 0 0 0 0 1 
Seq_Frame0000_Timestamp = 1898165.100000
Seq_Frame0000_UnfilteredTimestamp = 1898165.100000
Seq_Frame0001_FrameNumber = 5
Seq_Frame0001_ProbeToReferenceTransform = 0.0634969 -0.996788 0.048796 0.658674 0.975085 0.0723794 0.20969 18.5984 -0.212549 0.0342656 0.976549 45.1957 0 0 0 1 
Seq_Frame0001_Reference = -0.0809767 0.99572 -0.0445541 -316.773 -0.986159 -0.07355 0.148598 -87.8694 0.144685 0.0559703 0.987894 -1526.87 0 0 0 1 
Seq_Frame0001_ProbeToReferenceTransformStatus = OK 
Seq_Frame0001_Stylus = -0.0809767 -0.986159 0.144685 108.61 0.99572 -0.07355 0.0559703 394.414 -0.0445541 0.148598 0.987894 1507.33 0 0 0 1 
Seq_Frame0001_Timestamp = 1898165.121000
Seq_Frame0001_UnfilteredTimestamp = 1898165.121000
Seq_Frame0002_FrameNumber = 7
Seq_Frame0002_ProbeToReferenceTransform = 0.0634819 -0.99679 0.0487784 0.58281 0.975111 0.072357 0.209577 18.5921 -0.212434 0.03426 0.976575 45.1891 0 0 0 1 
Seq_Frame0002_Reference = -0.0809925 0.995719 -0.0445517 -316.775 -0.986155 -0.0735652 0.148613 -87.8744 0.144699 0.0559715 0.987891 -1526.87 0 0 0 1 
Seq_Frame0002_ProbeToReferenceTransformStatus = OK 
Seq_Frame0002_Stylus = -0.0809925 -0.986155 0.144699 108.623 0.995719 -0.0735652 0.0559715 394.415 -0.0445517 0.148613 0.987891 1507.33 0 0 0 1 
Seq_Frame0002_Timestamp = 1898165.141000
Seq_Frame0002_UnfilteredTimestamp = 1898165.141000
Seq_Frame0003_FrameNumber = 9
Seq_Frame0003_ProbeToReferenceTransform = 0.0634904 -0.99679 0.0487637 0.513792 0.975121 0.0723606 0.209532 18.5884 -0.212388 0.0342472 0.976585 45.1735 0 0 0 1 
Seq_Frame0003_Reference = -0.0809583 0.995723 -0.0445061 -316.777 -0.986152 -0.0735357 0.148652 -87.8701 0.144744 0.0559244 0.987888 -1526.86 0 0 0 1 
Seq_Frame0003_ProbeToReferenceTransformStatus = OK 
Seq_Frame0003_Stylus = -0.0809583 -0.986152 0.144744 108.705 0.995723 -0.0735357 0.0559244 394.35 -0.0445061 0.148652 0.987888 1507.33 0 0 0 1 
Seq_Frame0003_Timestamp = 1898165.161000
Seq_Frame0003_UnfilteredTimestamp = 1898165.161000
Seq_Frame0004_FrameNumber = 11
Seq_Frame0004_ProbeToReferenceTransform = 0.0635484 -0.996786 0.0487814 0.429363 0.975131 0.0724188 0.209464 18.5613 -0.212323 0.0342571 0.976599 45.1844 0 0 0 1 
Seq_Frame0004_Reference = -0.0809568 0.995724 -0.0444971 -316.771 -0.986158 -0.0735381 0.148608 -87.8751 0.1447 0.055912 0.987895 -1526.88 0 0 0 1 
Seq_Frame0004_ProbeToReferenceTransformStatus = OK 
Seq_Frame0004_Stylus = -0.0809568 -0.986158 0.1447 108.635 0.995724 -0.0735381 0.055912 394.325 -0.0444971 0.148608 0.987895 1507.36 0 0 0 1 
Seq_Frame0004_Timestamp = 1898165.181000
Seq_Frame0004_UnfilteredTimestamp = 1898165.181000
Seq_Frame0005_FrameNumber = 13
Seq_Frame0005_ProbeToReferenceTransform = 0.0635246 -0.996788 0.0487664 0.358126 0.97511 0.0723959 0.209569 18.5707 -0.212426 0.0342399 0.976577 45.1669 0 0 0 1 
Seq_Frame0005_Reference = -0.0809758 0.995721 -0.0445255 -316.778 -0.986154 -0.0735518 0.148625 -87.8774 0.144715 0.0559441 0.987891 -1526.87 0 0 0 1 
Seq_Frame0005_ProbeToReferenceTransformStatus = OK 
Seq_Frame0005_Stylus = -0.0809758 -0.986154 0.144715 108.648 0.995721 -0.0735518 0.0559441 394.378 -0.0445255 0.148625 0.987891 1507.33 0 0 0 1 
Seq_Frame0005_Timestamp = 1898165.201000
Seq_Frame0005_UnfilteredTimestamp = 1898165.201000
Seq_Frame0006_FrameNumber = 15
Seq_Frame0006_ProbeToReferenceTransform = 0.0635499 -0.996783 0.0488447 0.286385 0.975072 0.0724431 0.209732 18.561 -0.212595 0.0342987 0.976538 45.1659 0 0 0 1 
Seq_Frame0006_Reference = -0.0809334 0.995727 -0.0444778 -316.777 -0.986153 -0.0735151 0.148655 -87.875 0.14475 0.0558931 0.987888 -1526.87 0 0 0 1 
Seq_Frame0006_ProbeToReferenceTransformStatus = OK 
Seq_Frame0006_Stylus = -0.0809334 -0.986153 0.14475 108.718 0.995727 -0.0735151 0.0558931 394.304 -0.0444778 0.148655 0.987888 1507.35 0 0 0 1 
Seq_Frame0006_Timestamp = 1898165.221000
Seq_Frame0006_UnfilteredTimestamp = 1898165.221000
Seq_Frame0007_FrameNumber = 17
Seq_Frame0007_ProbeToReferenceTransform = 1 0 0 0 0 1 0 0 0 0 1 0 0 0 0 1 
Seq_Frame0007_Reference = 1 0 0 0 0 1 0 0 0 0 1 0 0 0 0 1 
Seq_Frame0007_ProbeToReferenceTransformStatus = TR_OUT_OF_VIEW 
Seq_Frame0007_Stylus = 1 0 0 0 0 1 0 0 0 0 1 0 0 0 0 1 
Seq_Frame0007_Timestamp = 1898165.241000
Seq_Frame0007_UnfilteredTimestamp = 1898165.241000
Seq_Frame0008_FrameNumber = 19
Seq_Frame0008_ProbeToReferenceTransform = 0.0635211 -0.996786 0.0488092 0.14285 0.975088 0.0724051 0.209667 18.5536 -0.212527 0.034275 0.976554 45.1335 0 0 0 1 
Seq_Frame0008_Reference = -0.0809437 0.995722 -0.0445681 -316.776 -0.986157 -0.0735138 0.148625 -87.8706 0.144713 0.0559815 0.987889 -1526.86 0 0 0 1 
Seq_Frame0008_ProbeToReferenceTransformStatus = OK 
Seq_Frame0008_Stylus = -0.0809437 -0.986157 0.144713 108.661 0.995722 -0.0735138 0.0559815 394.437 -0.0445681 0.148625 0.987889 1507.31 0 0 0 1 
Seq_Frame0008_Timestamp = 1898165.261000
Seq_Frame0008_UnfilteredTimestamp = 1898165.261000
Seq_Frame0009_FrameNumber = 21
Seq_Frame0009_ProbeToReferenceTransform = 0.063551 -0.996793 0.048633 0.0600807 0.975133 0.0723898 0.209466 18.5382 -0.212315 0.0341119 0.976606 45.1455 0 0 0 1 
Seq_Frame0009_Reference = -0.0809428 0.995726 -0.0444746 -316.772 -0.986166 -0.0735303 0.148557 -87.8728 0.144651 0.055884 0.987903 -1526.87 0 0 0 1 
Seq_Frame0009_ProbeToReferenceTransformStatus = OK 
Seq_Frame0009_Stylus = -0.0809428 -0.986166 0.144651 108.567 0.995726 -0.0735303 0.055884 394.285 -0.0444746 0.148557 0.987903 1507.37 0 0 0 1 
Seq_Frame0009_Timestamp = 1898165.281000
Seq_Frame0009_UnfilteredTimestamp = 1898165.281000
Seq_Frame0010_FrameNumber = 23
Seq_Frame0010_ProbeToReferenceTransform = 0.0635183 -0.996791 0.0487148 -0.0194568 0.975123 0.0723769 0.209513 18.5349 -0.212367 0.034195 0.976592 45.1307 0 0 0 1 
Seq_Frame0010_Reference = -0.0809722 0.995723 -0.044496 -316.774 -0.986158 -0.0735539 0.148602 -87.8747 0.144693 0.0559127 0.987896 -1526.87 0 0 0 1 
Seq_Frame0010_ProbeToReferenceTransformStatus = OK 
Seq_Frame0010_Stylus = -0.0809722 -0.986158 0.144693 108.619 0.995723 -0.0735539 0.0559127 394.327 -0.044496 0.148602 0.987896 1507.35 0 0 0 1 
Seq_Frame0010_Timestamp = 1898165.301000
Seq_Frame0010_UnfilteredTimestamp = 1898165.301000
Seq_Frame0011_FrameNumber = 25
Seq_Frame0011_ProbeToReferenceTransform = 0.063557 -0.996786 0.0487677 -0.0872486 0.975111 0.0724274 0.209556 18.5353 -0.212414 0.0342352 0.97658 45.1183 0 0 0 1 
Seq_Frame0011_Reference = -0.0809403 0.995723 -0.044544 -316.776 -0.986159 -0.0735147 0.148613 -87.8685 0.144703 0.0559563 0.987892 -1526.86 0 0 0 1 
Seq_Frame0011_ProbeToReferenceTransformStatus = OK 
Seq_Frame0011_Stylus = -0.0809403 -0.986159 0.144703 108.649 0.995723 -0.0735147 0.0559563 394.399 -0.044544 0.148613 0.987892 1507.32 0 0 0 1 
Seq_Frame0011_Timestamp = 1898165.323000
Seq_Frame0011_UnfilteredTimestamp = 1898165.323000
Seq_Frame0012_FrameNumber = 27
Seq_Frame0012_ProbeToReferenceTransform = 0.0635856 -0.996787 0.0487022 -0.166184 0.975107 0.072442 0.209569 18.5176 -0.212424 0.0341643 0.97658 45.1329 0 0 0 1 
Seq_Frame0012_Reference = -0.0809375 0.995727 -0.044469 -316.772 -0.98617 -0.0735271 0.148535 -87.8697 0.144631 0.055876 0.987907 -1526.88 0 0 0 1 
Seq_Frame0012_ProbeToReferenceTransformStatus = OK 
Seq_Frame0012_Stylus = -0.0809375 -0.98617 0.144631 108.54 0.995727 -0.0735271 0.055876 394.274 -0.044469 0.148535 0.987907 1507.38 0 0 0 1 
Seq_Frame0012_Timestamp = 1898165.341000
Seq_Frame0012_UnfilteredTimestamp = 1898165.341000
Seq_Frame0013_FrameNumber = 29
Seq_Frame0013_ProbeToReferenceTransform = 0.0635963 -0.996787 0.0486917 -0.23222 0.975054 0.0724585 0.209809 18.519 -0.212663 0.034134 0.976529 45.1118 0 0 0 1 
Seq_Frame0013_Reference = -0.080939 0.995723 -0.0445541 -316.774 -0.986169 -0.0735156 0.148547 -87.863 0.144636 0.0559611 0.987901 -1526.86 0 0 0 1 
Seq_Frame0013_ProbeToReferenceTransformStatus = OK 
Seq_Frame0013_Stylus = -0.080939 -0.986169 0.144636 108.552 0.995723 -0.0735156 0.0559611 394.405 -0.0445541 0.148547 0.987901 1507.32 0 0 0 1 
Seq_Frame0013_Timestamp = 1898165.361000
Seq_Frame0013_UnfilteredTimestamp = 1898165.361000
Seq_Frame0014_FrameNumber = 31
Seq_Frame0014_ProbeToReferenceTransform = 0.0636125 -0.996781 0.0487993 -0.294755 0.975057 0.0724964 0.209782 18.5139 -0.212644 0.0342374 0.97653 45.1094 0 0 0 1 
Seq_Frame0014_Reference = -0.0808739 0.995728 -0.0445514 -316.774 -0.986159 -0.0734458 0.148648 -87.8607 0.144741 0.0559565 0.987886 -1526.86 0 0 0 1 
Seq_Frame0014_ProbeToReferenceTransformStatus = OK 
Seq_Frame0014_Stylus = -0.0808739 -0.986159 0.144741 108.737 0.995728 -0.0734458 0.0559565 394.406 -0.0445514 0.148648 0.987886 1507.32 0 0 0 1 
Seq_Frame0014_Timestamp = 1898165.385000
Seq_Frame0014_UnfilteredTimestamp = 1898165.385000
Seq_Frame0015_FrameNumber = 34
Seq_Frame0015_ProbeToReferenceTransform = 0.0635981 -0.996784 0.0487448 -0.413733 0.975103 0.0724635 0.209578 18.4954 -0.212436 0.0342024 0.976576 45.088 0 0 0 1 
Seq_Frame0015_Reference = -0.0809095 0.995727 -0.0445021 -316.775 -0.986169 -0.0734933 0.148557 -87.8633 0.144652 0.0559063 0.987902 -1526.86 0 0 0 1 
Seq_Frame0015_ProbeToReferenceTransformStatus = OK 
Seq_Frame0015_Stylus = -0.0809095 -0.986169 0.144652 108.585 0.995727 -0.0734933 0.0559063 394.325 -0.0445021 0.148557 0.987902 1507.34 0 0 0 1 
Seq_Frame0015_Timestamp = 1898165.406000
Seq_Frame0015_UnfilteredTimestamp = 1898165.406000
Seq_Frame0016_FrameNumber = 36
Seq_Frame0016_ProbeToReferenceTransform = 0.0636243 -0.996784 0.0487225 -0.488413 0.975111 0.0724829 0.209534 18.4882 -0.212391 0.0341784 0.976587 45.0836 0 0 0 1 
Seq_Frame0016_Reference = -0.0808864 0.995727 -0.0445634 -316.774 -0.986169 -0.0734607 0.148572 -87.8641 0.144663 0.0559645 0.987897 -1526.86 0 0 0 1 
Seq_Frame0016_ProbeToReferenceTransformStatus = OK 
Seq_Frame0016_Stylus = -0.0808864 -0.986169 0.144663 108.609 0.995727 -0.0734607 0.0559645 394.416 -0.0445634 0.148572 0.987897 1507.32 0 0 0 1 
Seq_Frame0016_Timestamp = 1898165.425000
Seq_Frame0016_UnfilteredTimestamp = 1898165.425000
Seq_Frame0017_FrameNumber = 38
Seq_Frame0017_ProbeToReferenceTransform = 0.0635874 -0.996785 0.0487552 -0.571017 0.975117 0.0724532 0.209518 18.4774 -0.212377 0.0342194 0.976589 45.0939 0 0 0 1 
Seq_Frame0017_Reference = -0.080918 0.995727 -0.044498 -316.773 -0.98617 -0.0735029 0.148549 -87.8711 0.144644 0.0559028 0.987903 -1526.87 0 0 0 1 
Seq_Frame0017_ProbeToReferenceTransformStatus = OK 
Seq_Frame0017_Stylus = -0.080918 -0.98617 0.144644 108.564 0.995727 -0.0735029 0.0559028 394.317 -0.044498 0.148549 0.987903 1507.36 0 0 0 1 
Seq_Frame0017_Timestamp = 1898165.446000
Seq_Frame0017_UnfilteredTimestamp = 1898165.446000
Seq_Frame0018_FrameNumber = 40
Seq_Frame0018_ProbeToReferenceTransform = 0.0635718 -0.996785 0.0487583 -0.645196 0.975112 0.0724396 0.209547 18.4781 -0.212406 0.0342235 0.976582 45.0758 0 0 0 1 
Seq_Frame0018_Reference = -0.0809252 0.995726 -0.0444987 -316.777 -0.986167 -0.0735091 0.148563 -87.8694 0.144657 0.0559056 0.987901 -1526.86 0 0 0 1 
Seq_Frame0018_ProbeToReferenceTransformStatus = OK 
Seq_Frame0018_Stylus = -0.0809252 -0.986167 0.144657 108.582 0.995726 -0.0735091 0.0559056 394.324 -0.0444987 0.148563 0.987901 1507.34 0 0 0 1 
Seq_Frame0018_Timestamp = 1898165.465000
Seq_Frame0018_UnfilteredTimestamp = 1898165.465000
Seq_Frame0019_FrameNumber = 42
Seq_Frame0019_ProbeToReferenceTransform = 0.0635452 -0.996785 0.0487968 -0.722634 0.975093 0.072425 0.20964 18.4639 -0.2125 0.0342598 0.97656 45.0895 0 0 0 1 
Seq_Frame0019_Reference = -0.0809372 0.995725 -0.0445115 -316.773 -0.986163 -0.073518 0.148583 -87.8743 0.144675 0.0559215 0.987898 -1526.87 0 0 0 1 
Seq_Frame0019_ProbeToReferenceTransformStatus = OK 
Seq_Frame0019_Stylus = -0.0809372 -0.986163 0.144675 108.604 0.995725 -0.073518 0.0559215 394.343 -0.0445115 0.148583 0.987898 1507.35 0 0 0 1 
Seq_Frame0019_Timestamp = 1898165.486000
Seq_Frame0019_UnfilteredTimestamp = 1898165.486000
Seq_Frame0020_FrameNumber = 44
Seq_Frame0020_ProbeToReferenceTransform = 0.0635258 -0.996795 0.0486231 -0.809578 0.975087 0.0723708 0.209687 18.4606 -0.212534 0.0340912 0.976559 45.087 0 0 0 1 
Seq_Frame0020_Reference = -0.0810013 0.995721 -0.0444815 -316.777 -0.98617 -0.0735904 0.148502 -87.882 0.144593 0.0558952 0.987911 -1526.88 0 0 0 1 
Seq_Frame0020_ProbeToReferenceTransformStatus = OK 
Seq_Frame0020_Stylus = -0.0810013 -0.98617 0.144593 108.45 0.995721 -0.0735904 0.0558952 394.299 -0.0444815 0.148502 0.987911 1507.38 0 0 0 1 
Seq_Frame0020_Timestamp = 1898165.505000
Seq_Frame0020_UnfilteredTimestamp = 1898165.505000
Seq_Frame0021_FrameNumber = 46
Seq_Frame0021_ProbeToReferenceTransform = 0.0634801 -0.9968 0.048587 -0.87767 0.975098 0.0723172 0.209654 18.463 -0.212497 0.0340682 0.976568 45.0625 0 0 0 1 
Seq_Frame0021_Reference = -0.0810076 0.995718 -0.0445443 -316.778 -0.986164 -0.0735849 0.148548 -87.8765 0.144634 0.0559615 0.987901 -1526.87 0 0 0 1 
Seq_Frame0021_ProbeToReferenceTransformStatus = OK 
Seq_Frame0021_Stylus = -0.0810076 -0.986164 0.144634 108.515 0.995718 -0.0735849 0.0559615 394.4 -0.0445443 0.148548 0.987901 1507.34 0 0 0 1 
Seq_Frame0021_Timestamp = 1898165.524900
Seq_Frame0021_UnfilteredTimestamp = 1898165.526000
Seq_Frame0022_FrameNumber = 48
Seq_Frame0022_ProbeToReferenceTransform = 0.0635368 -0.996801 0.0484898 -0.957274 0.97514 0.0723448 0.209446 18.4462 -0.212284 0.0339769 0.976617 45.0617 0 0 0 1 
Seq_Frame0022_Reference = -0.0809802 0.995722 -0.0445026 -316.775 -0.986175 -0.0735677 0.148478 -87.8773 0.144569 0.0559112 0.987914 -1526.88 0 0 0 1 
Seq_Frame0022_ProbeToReferenceTransformStatus = OK 
Seq_Frame0022_Stylus = -0.0809802 -0.986175 0.144569 108.425 0.995722 -0.0735677 0.0559112 394.324 -0.0445026 0.148478 0.987914 1507.37 0 0 0 1 
Seq_Frame0022_Timestamp = 1898165.544801
Seq_Frame0022_UnfilteredTimestamp = 1898165.545000
Seq_Frame0023_FrameNumber = 50
Seq_Frame0023_ProbeToReferenceTransform = 0.0635176 -0.996798 0.0485713 -1.03278 0.97514 0.0723433 0.209448 18.4449 -0.212291 0.0340602 0.976613 45.05 0 0 0 1 
Seq_Frame0023_Reference = -0.0810011 0.995721 -0.0444737 -316.778 -0.986171 -0.0735916 0.148496 -87.8769 0.144588 0.055887 0.987912 -1526.87 0 0 0 1 
Seq_Frame0023_ProbeToReferenceTransformStatus = OK 
Seq_Frame0023_Stylus = -0.0810011 -0.986171 0.144588 108.446 0.995721 -0.0735916 0.055887 394.288 -0.0444737 0.148496 0.987912 1507.38 0 0 0 1 
Seq_Frame0023_Timestamp = 1898165.564702
Seq_Frame0023_UnfilteredTimestamp = 1898165.566000
Seq_Frame0024_FrameNumber = 52
Seq_Frame0024_ProbeToReferenceTransform = 0.0635533 -0.996788 0.0487326 -1.10042 0.975128 0.0724137 0.209478 18.4418 -0.212334 0.0342076 0.976598 45.0388 0 0 0 1 
Seq_Frame0024_Reference = -0.0809443 0.995725 -0.0445041 -316.778 -0.986169 -0.0735284 0.148541 -87.8725 0.144634 0.0559121 0.987904 -1526.87 0 0 0 1 
Seq_Frame0024_ProbeToReferenceTransformStatus = OK 
Seq_Frame0024_Stylus = -0.0809443 -0.986169 0.144634 108.539 0.995725 -0.0735284 0.0559121 394.334 -0.0445041 0.148541 0.987904 1507.36 0 0 0 1 
Seq_Frame0024_Timestamp = 1898165.584605
Seq_Frame0024_UnfilteredTimestamp = 1898165.585000
Seq_Frame0025_FrameNumber = 54
Seq_Frame0025_ProbeToReferenceTransform = 0.0635607 -0.996789 0.0486923 -1.17889 0.975102 0.0724166 0.209601 18.431 -0.212454 0.0341576 0.976574 45.0475 0 0 0 1 
Seq_Frame0025_Reference = -0.0809632 0.995723 -0.0445129 -316.775 -0.986178 -0.07355 0.148469 -87.8732 0.14456 0.0559182 0.987915 -1526.88 0 0 0 1 
Seq_Frame0025_ProbeToReferenceTransformStatus = OK 
Seq_Frame0025_Stylus = -0.0809632 -0.986178 0.14456 108.419 0.995723 -0.07355 0.0559182 394.337 -0.0445129 0.148469 0.987915 1507.37 0 0 0 1 
Seq_Frame0025_Timestamp = 1898165.604508
Seq_Frame0025_UnfilteredTimestamp = 1898165.606000
Seq_Frame0026_FrameNumber = 56
Seq_Frame0026_ProbeToReferenceTransform = 0.0634816 -0.996794 0.0487106 -1.24553 0.975086 0.0723465 0.209697 18.4335 -0.212548 0.0341852 0.976552 45.0358 0 0 0 1 
Seq_Frame0026_Reference = -0.0809992 0.995721 -0.044478 -316.778 -0.986165 -0.0735868 0.148538 -87.874 0.14463 0.0558941 0.987906 -1526.87 0 0 0 1 
Seq_Frame0026_ProbeToReferenceTransformStatus = OK 
Seq_Frame0026_Stylus = -0.0809992 -0.986165 0.14463 108.514 0.995721 -0.0735868 0.0558941 394.3 -0.044478 0.148538 0.987906 1507.37 0 0 0 1 
Seq_Frame0026_Timestamp = 1898165.624412
Seq_Frame0026_UnfilteredTimestamp = 1898165.625000
Seq_Frame0027_FrameNumber = 58
Seq_Frame0027_ProbeToReferenceTransform = 0.0635322 -0.996796 0.0485905 -1.32692 0.975125 0.0723639 0.209512 18.4145 -0.212357 0.034071 0.976598 45.0379 0 0 0 1 
Seq_Frame0027_Reference = -0.0809949 0.995726 -0.0443888 -316.779 -0.986172 -0.0735985 0.148483 -87.8772 0.144581 0.0558013 0.987918 -1526.88 0 0 0 1 
Seq_Frame0027_ProbeToReferenceTransformStatus = OK 
Seq_Frame0027_Stylus = -0.0809949 -0.986172 0.144581 108.438 0.995726 -0.0735985 0.0558013 394.159 -0.0443888 0.148483 0.987918 1507.42 0 0 0 1 
Seq_Frame0027_Timestamp = 1898165.644318
Seq_Frame0027_UnfilteredTimestamp = 1898165.645000
Seq_Frame0028_FrameNumber = 60
Seq_Frame0028_ProbeToReferenceTransform = 0.0635195 -0.996801 0.0485059 -1.39975 0.975144 0.0723309 0.209435 18.4036 -0.212274 0.033997 0.976619 45.0237 0 0 0 1 
Seq_Frame0028_Reference = -0.0809971 0.995725 -0.0444063 -316.776 -0.986172 -0.0735981 0.148485 -87.8783 0.144582 0.0558191 0.987917 -1526.88 0 0 0 1 
Seq_Frame0028_ProbeToReferenceTransformStatus = OK 
Seq_Frame0028_Stylus = -0.0809971 -0.986172 0.144582 108.438 0.995725 -0.0735981 0.0558191 394.183 -0.0444063 0.148485 0.987917 1507.41 0 0 0 1 
Seq_Frame0028_Timestamp = 1898165.664223
Seq_Frame0028_UnfilteredTimestamp = 1898165.666000
Seq_Frame0029_FrameNumber = 62
Seq_Frame0029_ProbeToReferenceTransform = 0.0635069 -0.996795 0.0486481 -1.46349 0.975133 0.0723502 0.209476 18.4083 -0.212325 0.0341352 0.976603 44.9985 0 0 0 1 
Seq_Frame0029_Reference = -0.0809734 0.995723 -0.044481 -316.779 -0.98616 -0.0735581 0.148585 -87.8738 0.144678 0.0558968 0.987899 -1526.87 0 0 0 1 
Seq_Frame0029_ProbeToReferenceTransformStatus = OK 
Seq_Frame0029_Stylus = -0.0809734 -0.98616 0.144678 108.596 0.995723 -0.0735581 0.0558968 394.307 -0.044481 0.148585 0.987899 1507.35 0 0 0 1 
Seq_Frame0029_Timestamp = 1898165.684131
Seq_Frame0029_UnfilteredTimestamp = 1898165.685000
Seq_Frame0030_FrameNumber = 64
Seq_Frame0030_ProbeToReferenceTransform = 0.0635796 -0.996789 0.0486726 -1.55194 0.975169 0.0724199 0.209286 18.3855 -0.212139 0.0341577 0.976642 45.0122 0 0 0 1 
Seq_Frame0030_Reference = -0.080722 0.995769 -0.0438999 -316.777 -0.986298 -0.0734415 0.147725 -87.8783 0.143876 0.0552231 0.988054 -1526.88 0 0 0 1 
Seq_Frame0030_ProbeToReferenceTransformStatus = OK 
Seq_Frame0030_Stylus = -0.0809439 -0.986176 0.144584 108.457 0.995729 -0.0735445 0.0558177 394.187 -0.0444127 0.148484 0.987917 1507.41 0 0 0 1 
Seq_Frame0030_Timestamp = 1898165.704039
Seq_Frame0030_UnfilteredTimestamp = 1898165.706000
Seq_Frame0031_FrameNumber = 66
Seq_Frame0031_ProbeToReferenceTransform = 0.0635195 -0.996792 0.0487 -1.61927 0.975138 0.0723725 0.209448 18.3836 -0.212301 0.0341852 0.976606 45.0014 0 0 0 1 
Seq_Frame0031_Reference = -0.0809716 0.995725 -0.0444336 -316.777 -0.98617 -0.0735671 0.148517 -87.8761 0.144613 0.0558447 0.987911 -1526.87 0 0 0 1 
Seq_Frame0031_ProbeToReferenceTransformStatus = OK 
Seq_Frame0031_Stylus = -0.0809716 -0.98617 0.144613 108.494 0.995725 -0.0735671 0.0558447 394.225 -0.0444336 0.148517 0.987911 1507.39 0 0 0 1 
Seq_Frame0031_Timestamp = 1898165.723950
Seq_Frame0031_UnfilteredTimestamp = 1898165.726000
Seq_Frame0032_FrameNumber = 68
Seq_Frame0032_ProbeToReferenceTransform = 0.0635624 -0.996785 0.0487896 -1.69146 0.97509 0.0724406 0.209647 18.3817 -0.212507 0.0342486 0.976559 45.0038 0 0 0 1 
Seq_Frame0032_Reference = -0.0809266 0.995728 -0.0444543 -316.778 -0.98617 -0.0735181 0.148542 -87.8735 0.144639 0.0558604 0.987906 -1526.87 0 0 0 1 
Seq_Frame0032_ProbeToReferenceTransformStatus = OK 
Seq_Frame0032_Stylus = -0.0809266 -0.98617 0.144639 108.55 0.995728 -0.0735181 0.0558604 394.256 -0.0444543 0.148542 0.987906 1507.37 0 0 0 1 
Seq_Frame0032_Timestamp = 1898165.743862
Seq_Frame0032_UnfilteredTimestamp = 1898165.746000
Seq_Frame0033_FrameNumber = 70
Seq_Frame0033_ProbeToReferenceTransform = 0.0635691 -0.996788 0.0487 -1.77486 0.975104 0.072426 0.209587 18.3639 -0.212441 0.0341643 0.976576 45.0073 0 0 0 1 
Seq_Frame0033_Reference = -0.0809481 0.995728 -0.0444182 -316.774 -0.986173 -0.0735468 0.148504 -87.8793 0.144603 0.0558252 0.987914 -1526.87 0 0 0 1 
Seq_Frame0033_ProbeToReferenceTransformStatus = OK 
Seq_Frame0033_Stylus = -0.0809481 -0.986173 0.144603 108.484 0.995728 -0.0735468 0.0558252 394.195 -0.0444182 0.148504 0.987914 1507.4 0 0 0 1 
Seq_Frame0033_Timestamp = 1898165.763777
Seq_Frame0033_UnfilteredTimestamp = 1898165.765000
Seq_Frame0034_FrameNumber = 72
Seq_Frame0034_ProbeToReferenceTransform = 0.0635611 -0.996789 0.048709 -1.84253 0.975113 0.0724187 0.209549 18.3678 -0.212403 0.0341776 0.976584 44.978 0 0 0 1 
Seq_Frame0034_Reference = -0.0809424 0.995727 -0.0444538 -316.779 -0.986169 -0.0735339 0.14854 -87.8739 0.144636 0.0558622 0.987907 -1526.86 0 0 0 1 
Seq_Frame0034_ProbeToReferenceTransformStatus = OK 
Seq_Frame0034_Stylus = -0.0809424 -0.986169 0.144636 108.541 0.995727 -0.0735339 0.0558622 394.258 -0.0444538 0.14854 0.987907 1507.37 0 0 0 1 
Seq_Frame0034_Timestamp = 1898165.783692
Seq_Frame0034_UnfilteredTimestamp = 1898165.786000
Seq_Frame0035_FrameNumber = 74
Seq_Frame0035_ProbeToReferenceTransform = 0.0635751 -0.996796 0.0485361 -1.91893 0.97514 0.0723915 0.20943 18.3512 -0.212273 0.034015 0.976618 44.9808 0 0 0 1 
Seq_Frame0035_Reference = -0.0809414 0.995729 -0.044412 -316.776 -0.986174 -0.0735412 0.1485 -87.8749 0.1446 0.0558178 0.987915 -1526.87 0 0 0 1 
Seq_Frame0035_ProbeToReferenceTransformStatus = OK 
Seq_Frame0035_Stylus = -0.0809414 -0.986174 0.1446 108.485 0.995729 -0.0735412 0.0558178 394.187 -0.044412 0.1485 0.987915 1507.4 0 0 0 1 
Seq_Frame0035_Timestamp = 1898165.803610
Seq_Frame0035_UnfilteredTimestamp = 1898165.805000
Seq_Frame0036_FrameNumber = 76
Seq_Frame0036_ProbeToReferenceTransform = 0.0635557 -0.996796 0.0485727 -1.99911 0.975163 0.0723767 0.209327 18.349 -0.212172 0.0340623 0.976639 44.9628 0 0 0 1 
Seq_Frame0036_Reference = -0.0809658 0.995728 -0.0443935 -316.777 -0.986175 -0.0735691 0.148482 -87.8767 0.144582 0.0558017 0.987918 -1526.87 0 0 0 1 
Seq_Frame0036_ProbeToReferenceTransformStatus = OK 
Seq_Frame0036_Stylus = -0.0809658 -0.986175 0.144582 108.447 0.995728 -0.0735691 0.0558017 394.16 -0.0443935 0.148482 0.987918 1507.41 0 0 0 1 
Seq_Frame0036_Timestamp = 1898165.823530
Seq_Frame0036_UnfilteredTimestamp = 1898165.827000
Seq_Frame0037_FrameNumber = 78
Seq_Frame0037_ProbeToReferenceTransform = 0.0635337 -0.996786 0.0488052 -2.05625 0.975152 0.072406 0.209368 18.3547 -0.212229 0.0342906 0.976618 44.9458 0 0 0 1 
Seq_Frame0037_Reference = -0.080958 0.995726 -0.0444534 -316.779 -0.986156 -0.073545 0.148618 -87.8681 0.144714 0.0558698 0.987895 -1526.86 0 0 0 1 
Seq_Frame0037_ProbeToReferenceTransformStatus = OK 
Seq_Frame0037_Stylus = -0.080958 -0.986156 0.144714 108.66 0.995726 -0.073545 0.0558698 394.268 -0.0444534 0.148618 0.987895 1507.35 0 0 0 1 
Seq_Frame0037_Timestamp = 1898165.843453
Seq_Frame0037_UnfilteredTimestamp = 1898165.846000
Seq_Frame0038_FrameNumber = 80
Seq_Frame0038_ProbeToReferenceTransform = 0.0636186 -0.996796 0.048471 -2.10798 0.975163 0.0724162 0.209316 18.3307 -0.212155 0.0339507 0.976646 44.9921 0 0 0 1 
Seq_Frame0038_Reference = -0.080054 0.995846 -0.0433889 -316.768 -0.98673 -0.0730022 0.145032 -87.8621 0.141262 0.0544235 0.988475 -1526.91 0 0 0 1 
Seq_Frame0038_ProbeToReferenceTransformStatus = OK 
Seq_Frame0038_Stylus = -0.08085 -0.986225 0.144302 108.074 0.99574 -0.0734805 0.0556973 394.007 -0.0443266 0.148191 0.987965 1507.51 0 0 0 1 
Seq_Frame0038_Timestamp = 1898165.863378
Seq_Frame0038_UnfilteredTimestamp = 1898165.866000
Seq_Frame0039_FrameNumber = 82
Seq_Frame0039_ProbeToReferenceTransform = 0.0635721 -0.996811 0.0482398 -2.16452 0.975166 0.0723222 0.209335 18.3247 -0.212156 0.0337339 0.976653 45.0225 0 0 0 1 
Seq_Frame0039_Reference = -0.0808721 0.99574 -0.0442798 -316.765 -0.986272 -0.073528 0.147858 -87.868 0.143972 0.0556295 0.988017 -1526.96 0 0 0 1 
Seq_Frame0039_ProbeToReferenceTransformStatus = OK 
Seq_Frame0039_Stylus = -0.0808721 -0.986272 0.143972 107.56 0.99574 -0.073528 0.0556295 393.899 -0.0442798 0.147858 0.988017 1507.62 0 0 0 1 
Seq_Frame0039_Timestamp = 1898165.883306
Seq_Frame0039_UnfilteredTimestamp = 1898165.885000
Seq_Frame0040_FrameNumber = 84
Seq_Frame0040_ProbeToReferenceTransform = 0.0636785 -0.996814 0.0480246 -2.20684 0.975141 0.0723839 0.209431 18.3117 -0.21224 0.0334945 0.976643 45.0559 0 0 0 1 
Seq_Frame0040_Reference = -0.0792199 0.995892 -0.0438457 -316.761 -0.986952 -0.072172 0.143932 -87.8602 0.140176 0.0546759 0.988616 -1526.99 0 0 0 1 
Seq_Frame0040_ProbeToReferenceTransformStatus = OK 
Seq_Frame0040_Stylus = -0.0807644 -0.986317 0.143725 107.225 0.99575 -0.0734397 0.0555671 393.813 -0.0442517 0.147602 0.988056 1507.7 0 0 0 1 
Seq_Frame0040_Timestamp = 1898165.903236
Seq_Frame0040_UnfilteredTimestamp = 1898165.906000
Seq_Frame0041_FrameNumber = 86
Seq_Frame0041_ProbeToReferenceTransform = 0.063727 -0.996828 0.0476789 -2.26025 0.975145 0.0723575 0.209421 18.2879 -0.212206 0.033148 0.976662 45.0965 0 0 0 1 
Seq_Frame0041_Reference = -0.0804185 0.995836 -0.0429431 -316.749 -0.986963 -0.073528 0.143172 -87.8657 0.139418 0.0538969 0.988766 -1527.03 0 0 0 1 
Seq_Frame0041_ProbeToReferenceTransformStatus = OK 
Seq_Frame0041_Stylus = -0.0807342 -0.986373 0.143352 106.662 0.995758 -0.0734476 0.0554225 393.584 -0.0441384 0.147218 0.988119 1507.84 0 0 0 1 
Seq_Frame0041_Timestamp = 1898165.923169
Seq_Frame0041_UnfilteredTimestamp = 1898165.925000
Seq_Frame0042_FrameNumber = 88
Seq_Frame0042_ProbeToReferenceTransform = 0.0637733 -0.996831 0.0475496 -2.28454 0.97515 0.0723744 0.209392 18.2887 -0.21217 0.0330144 0.976675 45.1025 0 0 0 1 
Seq_Frame0042_Reference = -0.0780727 0.99596 -0.044376 -316.749 -0.987135 -0.0709978 0.143263 -87.8604 0.139533 0.05499 0.988689 -1527.05 0 0 0 1 
Seq_Frame0042_ProbeToReferenceTransformStatus = OK 
Seq_Frame0042_Stylus = -0.0806417 -0.9864 0.143219 106.494 0.995765 -0.0733625 0.0554072 393.572 -0.0441468 0.147081 0.988139 1507.88 0 0 0 1 
Seq_Frame0042_Timestamp = 1898165.943103
Seq_Frame0042_UnfilteredTimestamp = 1898165.946000
Seq_Frame0043_FrameNumber = 90
Seq_Frame0043_ProbeToReferenceTransform = 0.0638832 -0.996837 0.0472656 -2.33617 0.975185 0.0724156 0.209215 18.2605 -0.211976 0.0327273 0.976727 45.1432 0 0 0 1 
Seq_Frame0043_Reference = -0.0800168 0.995918 -0.0417675 -316.741 -0.987082 -0.0733327 0.14245 -87.8653 0.138806 0.0526264 0.98892 -1527.09 0 0 0 1 
Seq_Frame0043_ProbeToReferenceTransformStatus = OK 
Seq_Frame0043_Stylus = -0.0805878 -0.986459 0.142842 105.932 0.995778 -0.0733604 0.0551695 393.207 -0.0439435 0.146685 0.988207 1508.05 0 0 0 1 
Seq_Frame0043_Timestamp = 1898165.963040
Seq_Frame0043_UnfilteredTimestamp = 1898165.965000
Seq_Frame0044_FrameNumber = 92
Seq_Frame0044_ProbeToReferenceTransform = 0.0638865 -0.99685 0.0470031 -2.37484 0.975198 0.0723616 0.209171 18.2515 -0.211913 0.0324741 0.976749 45.1603 0 0 0 1 
Seq_Frame0044_Reference = -0.0794252 0.995879 -0.043773 -316.737 -0.987274 -0.072518 0.141532 -87.8687 0.137774 0.0544572 0.988965 -1527.11 0 0 0 1 
Seq_Frame0044_ProbeToReferenceTransformStatus = OK 
Seq_Frame0044_Stylus = -0.0805457 -0.986489 0.142658 105.662 0.995782 -0.07333 0.0551435 393.168 -0.0439373 0.146498 0.988235 1508.1 0 0 0 1 
Seq_Frame0044_Timestamp = 1898165.982980
Seq_Frame0044_UnfilteredTimestamp = 1898165.986000
Seq_Frame0045_FrameNumber = 94
Seq_Frame0045_ProbeToReferenceTransform = 0.0639389 -0.996848 0.0469646 -2.38691 0.975193 0.072405 0.209179 18.247 -0.21192 0.0324249 0.976749 45.1717 0 0 0 1 
Seq_Frame0045_Reference = -0.0780191 0.996064 -0.0420574 -316.733 -0.987305 -0.0713408 0.141916 -87.8643 0.138357 0.0525956 0.988985 -1527.14 0 0 0 1 
Seq_Frame0045_ProbeToReferenceTransformStatus = OK 
Seq_Frame0045_Stylus = -0.0804725 -0.986513 0.142534 105.501 0.99579 -0.0732726 0.0550696 393.06 -0.0438831 0.146365 0.988257 1508.16 0 0 0 1 
Seq_Frame0045_Timestamp = 1898166.002922
Seq_Frame0045_UnfilteredTimestamp = 1898166.005000
Seq_Frame0046_FrameNumber = 96
Seq_Frame0046_ProbeToReferenceTransform = 0.063937 -0.996857 0.0467855 -2.43217 0.975216 0.0723621 0.209089 18.2346 -0.211817 0.0322575 0.976777 45.1981 0 0 0 1 
Seq_Frame0046_Reference = -0.0804665 0.995793 -0.0438315 -316.728 -0.986544 -0.0732861 0.14615 -87.8719 0.142323 0.0550019 0.988291 -1527.16 0 0 0 1 
Seq_Frame0046_ProbeToReferenceTransformStatus = OK 
Seq_Frame0046_Stylus = -0.0804665 -0.986544 0.142323 105.175 0.995793 -0.0732861 0.0550019 392.953 -0.0438315 0.14615 0.988291 1508.24 0 0 0 1 
Seq_Frame0046_Timestamp = 1898166.022866
Seq_Frame0046_UnfilteredTimestamp = 1898166.026000
Seq_Frame0047_FrameNumber = 98
Seq_Frame0047_ProbeToReferenceTransform = 0.0639874 -0.996863 0.0465778 -2.45481 0.975252 0.0723618 0.208921 18.2269 -0.211636 0.0320567 0.976823 45.2112 0 0 0 1 
Seq_Frame0047_Reference = -0.078911 0.996008 -0.0417205 -316.727 -0.987408 -0.0723366 0.140686 -87.8732 0.137107 0.0522968 0.989175 -1527.19 0 0 0 1 
Seq_Frame0047_ProbeToReferenceTransformStatus = OK 
Seq_Frame0047_Stylus = -0.0804195 -0.986571 0.142166 104.95 0.9958 -0.0732577 0.0549203 392.832 -0.043768 0.145986 0.988318 1508.31 0 0 0 1 
Seq_Frame0047_Timestamp = 1898166.042814
Seq_Frame0047_UnfilteredTimestamp = 1898166.045000
Seq_Frame0048_FrameNumber = 100
Seq_Frame0048_ProbeToReferenceTransform = 0.0639697 -0.996868 0.0465034 -2.47072 0.975249 0.0723295 0.208943 18.2254 -0.211652 0.0319864 0.976822 45.2176 0 0 0 1 
Seq_Frame0048_Reference = -0.0799225 0.995913 -0.042073 -316.726 -0.987427 -0.0733254 0.140041 -87.8709 0.136383 0.0527365 0.989251 -1527.19 0 0 0 1 
Seq_Frame0048_ProbeToReferenceTransformStatus = OK 
Seq_Frame0048_Stylus = -0.08041 -0.986587 0.142058 104.789 0.995802 -0.0732591 0.0548793 392.771 -0.0437362 0.145874 0.988336 1508.35 0 0 0 1 
Seq_Frame0048_Timestamp = 1898166.062763
Seq_Frame0048_UnfilteredTimestamp = 1898166.071000
Seq_Frame0049_FrameNumber = 102
Seq_Frame0049_ProbeToReferenceTransform = 0.0639882 -0.996873 0.0463717 -2.50324 0.975257 0.0723187 0.208913 18.2141 -0.211613 0.0318564 0.976834 45.2383 0 0 0 1 
Seq_Frame0049_Reference = -0.080288 0.995848 -0.0428967 -316.717 -0.987492 -0.073608 0.139435 -87.8766 0.135699 0.0535551 0.989302 -1527.22 0 0 0 1 
Seq_Frame0049_ProbeToReferenceTransformStatus = OK 
Seq_Frame0049_Stylus = -0.0804065 -0.986613 0.141878 104.513 0.995803 -0.073269 0.054842 392.705 -0.0437125 0.145693 0.988364 1508.41 0 0 0 1 
Seq_Frame0049_Timestamp = 1898166.082721
Seq_Frame0049_UnfilteredTimestamp = 1898166.091000
Seq_Frame0050_FrameNumber = 104
Seq_Frame0050_ProbeToReferenceTransform = 0.0640103 -0.996876 0.04626 -2.51575 0.975265 0.0723154 0.208873 18.2128 -0.211566 0.0317458 0.976848 45.2383 0 0 0 1 
Seq_Frame0050_Reference = -0.0788613 0.996015 -0.0416527 -316.719 -0.987581 -0.0723616 0.139454 -87.872 0.135885 0.052133 0.989352 -1527.23 0 0 0 1 
Seq_Frame0050_ProbeToReferenceTransformStatus = OK 
Seq_Frame0050_Stylus = -0.0803722 -0.986635 0.141746 104.324 0.995808 -0.0732491 0.0547819 392.619 -0.043667 0.145554 0.988386 1508.45 0 0 0 1 
Seq_Frame0050_Timestamp = 1898166.102688
Seq_Frame0050_UnfilteredTimestamp = 1898166.111000
Seq_Frame0051_FrameNumber = 106
Seq_Frame0051_ProbeToReferenceTransform = 0.0639607 -0.99688 0.0462624 -2.52853 0.975283 0.0722652 0.208807 18.2109 -0.211498 0.0317635 0.976862 45.2458 0 0 0 1 
Seq_Frame0051_Reference = -0.0804078 0.995806 -0.0436459 -316.719 -0.986639 -0.07329 0.145509 -87.8708 0.141699 0.0547627 0.988394 -1527.24 0 0 0 1 
Seq_Frame0051_ProbeToReferenceTransformStatus = OK 
Seq_Frame0051_Stylus = -0.0804078 -0.986639 0.141699 104.245 0.995806 -0.07329 0.0547627 392.586 -0.0436459 0.145509 0.988394 1508.47 0 0 0 1 
Seq_Frame0051_Timestamp = 1898166.122662
Seq_Frame0051_UnfilteredTimestamp = 1898166.130000
Seq_Frame0052_FrameNumber = 108
Seq_Frame0052_ProbeToReferenceTransform = 0.0640148 -0.996881 0.0461656 -2.54466 0.975277 0.0722983 0.208826 18.2046 -0.211513 0.0316563 0.976862 45.2644 0 0 0 1 
Seq_Frame0052_Reference = -0.0782654 0.99615 -0.0394998 -316.715 -0.987518 -0.0720331 0.140069 -87.8726 0.136685 0.0499694 0.989353 -1527.25 0 0 0 1 
Seq_Frame0052_ProbeToReferenceTransformStatus = OK 
Seq_Frame0052_Stylus = -0.0803767 -0.986652 0.141627 104.144 0.995811 -0.073272 0.0546935 392.481 -0.0435861 0.14543 0.988408 1508.53 0 0 0 1 
Seq_Frame0052_Timestamp = 1898166.142644
Seq_Frame0052_UnfilteredTimestamp = 1898166.151000
Seq_Frame0053_FrameNumber = 110
Seq_Frame0053_ProbeToReferenceTransform = 0.0639595 -0.99688 0.0462504 -2.54577 0.975271 0.0722633 0.208863 18.208 -0.211554 0.0317479 0.976851 45.2539 0 0 0 1 
Seq_Frame0053_Reference = -0.0803862 0.995808 -0.0436351 -316.715 -0.986649 -0.0732736 0.145446 -87.868 0.141639 0.0547444 0.988404 -1527.25 0 0 0 1 
Seq_Frame0053_ProbeToReferenceTransformStatus = OK 
Seq_Frame0053_Stylus = -0.0803862 -0.986649 0.141639 104.164 0.995808 -0.0732736 0.0547444 392.558 -0.0436351 0.145446 0.988404 1508.5 0 0 0 1 
Seq_Frame0053_Timestamp = 1898166.162634
Seq_Frame0053_UnfilteredTimestamp = 1898166.170000
Seq_Frame0054_FrameNumber = 112
Seq_Frame0054_ProbeToReferenceTransform = 0.0639269 -0.996891 0.0460678 -2.55614 0.975295 0.07219 0.208778 18.2025 -0.211454 0.0315832 0.976877 45.2778 0 0 0 1 
Seq_Frame0054_Reference = -0.0804113 0.995808 -0.0435875 -316.715 -0.986652 -0.0733072 0.145409 -87.8716 0.141604 0.0546982 0.988411 -1527.27 0 0 0 1 
Seq_Frame0054_ProbeToReferenceTransformStatus = OK 
Seq_Frame0054_Stylus = -0.0804113 -0.986652 0.141604 104.102 0.995808 -0.0733072 0.0546982 392.485 -0.0435875 0.145409 0.988411 1508.54 0 0 0 1 
Seq_Frame0054_Timestamp = 1898166.182632
Seq_Frame0054_UnfilteredTimestamp = 1898166.191000
Seq_Frame0055_FrameNumber = 114
Seq_Frame0055_ProbeToReferenceTransform = 0.0640063 -0.996889 0.0460036 -2.56417 0.975271 0.0722569 0.208867 18.2035 -0.211541 0.0314972 0.976862 45.2681 0 0 0 1 
Seq_Frame0055_Reference = -0.0804117 0.995807 -0.0436129 -316.714 -0.986658 -0.0733061 0.145372 -87.8738 0.141565 0.0547206 0.988415 -1527.26 0 0 0 1 
Seq_Frame0055_ProbeToReferenceTransformStatus = OK 
Seq_Frame0055_Stylus = -0.0804117 -0.986658 0.141565 104.038 0.995807 -0.0733061 0.0547205 392.517 -0.0436129 0.145372 0.988415 1508.53 0 0 0 1 
Seq_Frame0055_Timestamp = 1898166.202638
Seq_Frame0055_UnfilteredTimestamp = 1898166.210000
Seq_Frame0056_FrameNumber = 116
Seq_Frame0056_ProbeToReferenceTransform = 0.0639516 -0.996895 0.0459402 -2.56634 0.975289 0.0721881 0.208807 18.202 -0.211475 0.0314515 0.976877 45.2777 0 0 0 1 
Seq_Frame0056_Reference = -0.0804276 0.995808 -0.0435663 -316.716 -0.986655 -0.0733281 0.145379 -87.8776 0.141575 0.0546774 0.988416 -1527.27 0 0 0 1 
Seq_Frame0056_ProbeToReferenceTransformStatus = OK 
Seq_Frame0056_Stylus = -0.0832478 -0.986169 0.143321 104.045 0.995904 -0.0772385 0.0470035 392.452 -0.0352834 0.146647 0.988559 1508.55 0 0 0 1 
Seq_Frame0056_Timestamp = 1898166.222651
Seq_Frame0056_UnfilteredTimestamp = 1898166.231000
Seq_Frame0057_FrameNumber = 118
Seq_Frame0057_ProbeToReferenceTransform = 0.0639508 -0.996887 0.0461258 -2.55833 0.975294 0.0722254 0.208771 18.2005 -0.211452 0.0316352 0.976876 45.28 0 0 0 1 
Seq_Frame0057_Reference = -0.0804316 0.995809 -0.0435297 -316.717 -0.986635 -0.0733298 0.145513 -87.8815 0.141711 0.0546518 0.988398 -1527.26 0 0 0 1 
Seq_Frame0057_ProbeToReferenceTransformStatus = OK 
Seq_Frame0057_Stylus = -0.0804316 -0.986635 0.141711 104.249 0.995809 -0.0733298 0.0546518 392.413 -0.0435297 0.145513 0.988398 1508.54 0 0 0 1 
Seq_Frame0057_Timestamp = 1898166.242673
Seq_Frame0057_UnfilteredTimestamp = 1898166.250000
Seq_Frame0058_FrameNumber = 120
Seq_Frame0058_ProbeToReferenceTransform = 0.0638908 -0.996891 0.0461211 -2.55844 0.975291 0.0721668 0.208804 18.2039 -0.211483 0.0316408 0.976869 45.2697 0 0 0 1 
Seq_Frame0058_Reference = -0.0804966 0.995799 -0.0436478 -316.715 -0.986627 -0.0733756 0.145546 -87.8876 0.141732 0.0547801 0.988388 -1527.25 0 0 0 1 
Seq_Frame0058_ProbeToReferenceTransformStatus = OK 
Seq_Frame0058_Stylus = -0.0804966 -0.986627 0.141732 104.254 0.995799 -0.0733756 0.0547801 392.598 -0.0436478 0.145546 0.988388 1508.48 0 0 0 1 
Seq_Frame0058_Timestamp = 1898166.262701
Seq_Frame0058_UnfilteredTimestamp = 1898166.271000
Seq_Frame0059_FrameNumber = 122
Seq_Frame0059_ProbeToReferenceTransform = 0.0639161 -0.996886 0.0461833 -2.55249 0.97529 0.0722045 0.208797 18.2006 -0.211482 0.0316966 0.976868 45.2743 0 0 0 1 
Seq_Frame0059_Reference = -0.0805215 0.995798 -0.0436147 -316.719 -0.986607 -0.0733983 0.145666 -87.8937 0.141853 0.0547599 0.988372 -1527.24 0 0 0 1 
Seq_Frame0059_ProbeToReferenceTransformStatus = OK 
Seq_Frame0059_Stylus = -0.0825195 -0.984988 0.15162 104.424 0.99575 -0.0752456 0.053111 392.568 -0.040905 0.155358 0.987011 1508.47 0 0 0 1 
Seq_Frame0059_Timestamp = 1898166.282739
Seq_Frame0059_UnfilteredTimestamp = 1898166.291000
Seq_Frame0060_FrameNumber = 124
Seq_Frame0060_ProbeToReferenceTransform = 0.0639091 -0.996883 0.0462576 -2.54222 0.975284 0.0722141 0.208819 18.1987 -0.211508 0.0317689 0.97686 45.2785 0 0 0 1 
Seq_Frame0060_Reference = -0.0805337 0.995798 -0.0436 -316.718 -0.986581 -0.0734029 0.14584 -87.9024 0.142026 0.0547599 0.988347 -1527.23 0 0 0 1 
Seq_Frame0060_ProbeToReferenceTransformStatus = OK 
Seq_Frame0060_Stylus = -0.0812741 -0.984938 0.152617 104.677 0.995777 -0.0736824 0.0547666 392.566 -0.0426965 0.156424 0.986767 1508.44 0 0 0 1 
Seq_Frame0060_Timestamp = 1898166.302784
Seq_Frame0060_UnfilteredTimestamp = 1898166.311000
Seq_Frame0061_FrameNumber = 126
Seq_Frame0061_ProbeToReferenceTransform = 0.0638804 -0.996887 0.0462137 -2.54036 0.975276 0.0721785 0.208872 18.1981 -0.211558 0.0317283 0.97685 45.2755 0 0 0 1 
Seq_Frame0061_Reference = -0.0806172 0.995788 -0.0436645 -316.72 -0.986571 -0.0734744 0.145876 -87.9122 0.142053 0.0548382 0.988339 -1527.21 0 0 0 1 
Seq_Frame0061_ProbeToReferenceTransformStatus = OK 
Seq_Frame0061_Stylus = -0.0806172 -0.986571 0.142053 104.68 0.995788 -0.0734744 0.0548381 392.677 -0.0436644 0.145876 0.988339 1508.4 0 0 0 1 
Seq_Frame0061_Timestamp = 1898166.322838
Seq_Frame0061_UnfilteredTimestamp = 1898166.334000
Seq_Frame0062_FrameNumber = 128
Seq_Frame0062_ProbeToReferenceTransform = 0.0638524 -0.996883 0.0463338 -2.5227 0.975303 0.0721725 0.208747 18.1952 -0.21144 0.0318605 0.976872 45.2794 0 0 0 1 
Seq_Frame0062_Reference = -0.0806579 0.995787 -0.0436123 -316.721 -0.986535 -0.0735098 0.1461 -87.9216 0.142278 0.0548092 0.988308 -1527.2 0 0 0 1 
Seq_Frame0062_ProbeToReferenceTransformStatus = OK 
Seq_Frame0062_Stylus = -0.0826608 -0.98469 0.153467 105.004 0.995734 -0.0752692 0.0533752 392.629 -0.0410068 0.157224 0.986711 1508.38 0 0 0 1 
