ObjectType = Image
NDims = 3
AnatomicalOrientation = RAI
BinaryData = True
BinaryDataByteOrderMSB = False
CenterOfRotation = 0 0 0
CompressedData = False
DimSize = 1 1 5000                              
ElementSpacing = 1 1 1
ElementType = MET_UCHAR
Offset = 0 0 0
TransformMatrix = 1 0 0 0 1 0 0 0 1
UltrasoundImageOrientation = MF
Seq_Frame0000_FrameNumber = 329640
Seq_Frame0000_ProbeToTrackerTransform = 0.458224 -0.226229 0.859691 224.358 -0.226379 0.905602 0.358994 -26.1193 -0.859619 -0.359043 0.363704 66.5262 0 0 -0 1 
Seq_Frame0000_ProbeToTrackerTransformStatus = OK
Seq_Frame0000_ReferenceToTrackerTransform = 0.0619363 0.990401 0.124775 100.905 0.998121 -0.0615083 -0.00602304 -22.8823 0.00164794 0.124925 -0.99227 88.069 -0 0 -0 1 
Seq_Frame0000_ReferenceToTrackerTransformStatus = OK
Seq_Frame0000_StylusToTrackerTransform = -0.063693 -0.561302 -0.825214 505.644 -0.998012 0.0359421 0.0526238 -128.141 9.14047e-005 0.826979 -0.562377 77.9115 0 0 0 1 
Seq_Frame0000_StylusToTrackerTransformStatus = OK
Seq_Frame0000_Timestamp = 7356.711700
Seq_Frame0000_UnfilteredTimestamp = 7356.699000
Seq_Frame0000_ImageStatus = OK
Seq_Frame0001_FrameNumber = 329641
Seq_Frame0001_ProbeToTrackerTransform = 0.458834 -0.226171 0.859421 224.358 -0.226364 0.905491 0.359271 -26.231 -0.859306 -0.359425 0.364203 66.6378 0 0 -0 1 
Seq_Frame0001_ProbeToTrackerTransformStatus = OK
Seq_Frame0001_ReferenceToTrackerTransform = 0.0619363 0.990401 0.124775 100.905 0.998121 -0.0615083 -0.00602304 -22.8823 0.00164794 0.124925 -0.99227 88.069 -0 0 -0 1 
Seq_Frame0001_ReferenceToTrackerTransformStatus = OK
Seq_Frame0001_StylusToTrackerTransform = -0.0635924 -0.561306 -0.825219 505.644 -0.998019 0.0359423 0.0526241 -128.141 0.000159918 0.826976 -0.562381 77.9115 0 0 0 1 
Seq_Frame0001_StylusToTrackerTransformStatus = OK
Seq_Frame0001_Timestamp = 7356.734157
Seq_Frame0001_UnfilteredTimestamp = 7356.726000
Seq_Frame0001_ImageStatus = OK
Seq_Frame0002_FrameNumber = 329642
Seq_Frame0002_ProbeToTrackerTransform = 0.459466 -0.226163 0.859004 224.358 -0.22655 0.90527 0.359575 -26.231 -0.858927 -0.359805 0.364614 66.6378 0 0 -0 1 
Seq_Frame0002_ProbeToTrackerTransformStatus = OK
Seq_Frame0002_ReferenceToTrackerTransform = 0.0619363 0.990401 0.124775 100.905 0.998121 -0.0615083 -0.00602304 -22.8823 0.00164794 0.124925 -0.99227 88.069 -0 0 -0 1 
Seq_Frame0002_ReferenceToTrackerTransformStatus = OK
Seq_Frame0002_StylusToTrackerTransform = -0.0635924 -0.561222 -0.825276 505.644 -0.998019 0.035937 0.0526277 -128.141 0.000159929 0.827033 -0.562419 77.9115 0 0 0 1 
Seq_Frame0002_StylusToTrackerTransformStatus = OK
Seq_Frame0002_Timestamp = 7356.755057
Seq_Frame0002_UnfilteredTimestamp = 7356.745000
Seq_Frame0002_ImageStatus = OK
Seq_Frame0003_FrameNumber = 329643
Seq_Frame0003_ProbeToTrackerTransform = 0.459926 -0.226321 0.85882 224.358 -0.226709 0.905163 0.359915 -26.231 -0.858589 -0.360222 0.364967 66.7494 0 0 -0 1 
Seq_Frame0003_ProbeToTrackerTransformStatus = OK
Seq_Frame0003_ReferenceToTrackerTransform = 0.0619351 0.990371 0.124893 100.905 0.998121 -0.0615066 -0.0060304 -22.8823 0.00165542 0.125043 -0.99224 88.069 -0 0 -0 1 
Seq_Frame0003_ReferenceToTrackerTransformStatus = OK
Seq_Frame0003_StylusToTrackerTransform = -0.0635847 -0.561306 -0.82522 505.644 -0.997897 0.0359379 0.0526177 -128.141 0.000159899 0.826976 -0.562381 77.9115 0 0 0 1 
Seq_Frame0003_StylusToTrackerTransformStatus = OK
Seq_Frame0003_Timestamp = 7356.777271
Seq_Frame0003_UnfilteredTimestamp = 7356.766000
Seq_Frame0003_ImageStatus = OK
Seq_Frame0004_FrameNumber = 329644
Seq_Frame0004_ProbeToTrackerTransform = 0.460213 -0.226432 0.858564 224.358 -0.226864 0.904997 0.360327 -26.231 -0.858443 -0.360662 0.364967 66.861 0 0 -0 1 
Seq_Frame0004_ProbeToTrackerTransformStatus = OK
Seq_Frame0004_ReferenceToTrackerTransform = 0.0619347 0.990363 0.124892 100.905 0.998113 -0.0616273 -0.00604562 -22.8823 0.00165541 0.125043 -0.99224 88.069 -0 0 -0 1 
Seq_Frame0004_ReferenceToTrackerTransformStatus = OK
Seq_Frame0004_StylusToTrackerTransform = -0.0634803 -0.561275 -0.825175 505.644 -0.997912 0.0358673 0.0525139 -128.141 0.000221998 0.826917 -0.562468 77.9115 0 0 0 1 
Seq_Frame0004_StylusToTrackerTransformStatus = OK
Seq_Frame0004_Timestamp = 7356.798271
Seq_Frame0004_UnfilteredTimestamp = 7356.784000
Seq_Frame0004_ImageStatus = OK
Seq_Frame0005_FrameNumber = 329645
Seq_Frame0005_ProbeToTrackerTransform = 0.460587 -0.226873 0.858321 224.47 -0.227111 0.904565 0.360982 -26.231 -0.858161 -0.361241 0.36503 66.861 0 0 -0 1 
Seq_Frame0005_ProbeToTrackerTransformStatus = OK
Seq_Frame0005_ReferenceToTrackerTransform = 0.0619347 0.990363 0.124892 100.905 0.998113 -0.0616273 -0.00604562 -22.8823 0.00165541 0.125043 -0.99224 88.069 -0 0 -0 1 
Seq_Frame0005_ReferenceToTrackerTransformStatus = OK
Seq_Frame0005_StylusToTrackerTransform = -0.0634803 -0.561275 -0.825175 505.644 -0.997912 0.0358673 0.0525139 -128.141 0.000221998 0.826917 -0.562468 77.9115 0 0 0 1 
Seq_Frame0005_StylusToTrackerTransformStatus = OK
Seq_Frame0005_Timestamp = 7356.819671
Seq_Frame0005_UnfilteredTimestamp = 7356.811000
Seq_Frame0005_ImageStatus = OK
Seq_Frame0006_FrameNumber = 329646
Seq_Frame0006_ProbeToTrackerTransform = 0.460919 -0.227359 0.857932 224.47 -0.227359 0.904241 0.361744 -26.1193 -0.857932 -0.361744 0.365038 66.9727 0 0 -0 1 
Seq_Frame0006_ProbeToTrackerTransformStatus = OK
Seq_Frame0006_ReferenceToTrackerTransform = 0.0619347 0.990363 0.124892 100.905 0.998113 -0.0616273 -0.00604562 -22.8823 0.00165541 0.125043 -0.99224 88.069 -0 0 -0 1 
Seq_Frame0006_ReferenceToTrackerTransformStatus = OK
Seq_Frame0006_StylusToTrackerTransform = -0.0635803 -0.561267 -0.825163 505.644 -0.997898 0.0359355 0.0526141 -128.141 0.00015348 0.82692 -0.562464 77.9115 0 0 0 1 
Seq_Frame0006_StylusToTrackerTransformStatus = OK
Seq_Frame0006_Timestamp = 7356.839886
Seq_Frame0006_UnfilteredTimestamp = 7356.830000
Seq_Frame0006_ImageStatus = OK
Seq_Frame0007_FrameNumber = 329648
Seq_Frame0007_ProbeToTrackerTransform = 0.461508 -0.228147 0.857461 224.582 -0.227671 0.903657 0.363078 -26.0077 -0.857473 -0.362716 0.365043 67.0843 0 0 -0 1 
Seq_Frame0007_ProbeToTrackerTransformStatus = OK
Seq_Frame0007_ReferenceToTrackerTransform = 0.0619347 0.990363 0.124892 100.905 0.998113 -0.0616273 -0.00604562 -22.8823 0.00165541 0.125043 -0.99224 88.069 -0 0 -0 1 
Seq_Frame0007_ReferenceToTrackerTransformStatus = OK
Seq_Frame0007_StylusToTrackerTransform = -0.0635881 -0.561407 -0.825068 505.644 -0.998019 0.0359488 0.0526144 -128.141 0.000153504 0.826946 -0.562482 77.9115 0 0 0 1 
Seq_Frame0007_StylusToTrackerTransformStatus = OK
Seq_Frame0007_Timestamp = 7356.878643
Seq_Frame0007_UnfilteredTimestamp = 7356.870000
Seq_Frame0007_ImageStatus = OK
Seq_Frame0008_FrameNumber = 329649
Seq_Frame0008_ProbeToTrackerTransform = 0.461403 -0.228397 0.857386 224.582 -0.227817 0.903423 0.363351 -26.0077 -0.857426 -0.363046 0.364827 67.0843 0 0 -0 1 
Seq_Frame0008_ProbeToTrackerTransformStatus = OK
Seq_Frame0008_ReferenceToTrackerTransform = 0.0619347 0.990363 0.124892 100.905 0.998113 -0.0616273 -0.00604562 -22.8823 0.00165541 0.125043 -0.99224 88.069 -0 0 -0 1 
Seq_Frame0008_ReferenceToTrackerTransformStatus = OK
Seq_Frame0008_StylusToTrackerTransform = -0.0635837 -0.561369 -0.825011 505.644 -0.998019 0.0359463 0.0526108 -128.141 0.000147086 0.82689 -0.562566 77.9115 0 0 0 1 
Seq_Frame0008_StylusToTrackerTransformStatus = OK
Seq_Frame0008_Timestamp = 7356.897971
Seq_Frame0008_UnfilteredTimestamp = 7356.897000
Seq_Frame0008_ImageStatus = OK
Seq_Frame0009_FrameNumber = 329650
Seq_Frame0009_ProbeToTrackerTransform = 0.46137 -0.228463 0.857452 224.582 -0.227987 0.903473 0.363424 -26.0077 -0.857465 -0.363062 0.364721 67.0843 0 0 -0 1 
Seq_Frame0009_ProbeToTrackerTransformStatus = OK
Seq_Frame0009_ReferenceToTrackerTransform = 0.0619345 0.990348 0.125012 100.905 0.998114 -0.0616263 -0.00605308 -22.8823 0.00165538 0.125041 -0.992225 88.069 -0 0 -0 1 
Seq_Frame0009_ReferenceToTrackerTransformStatus = OK
Seq_Frame0009_StylusToTrackerTransform = -0.0635837 -0.561369 -0.825011 505.644 -0.998019 0.0359463 0.0526108 -128.141 0.000147086 0.82689 -0.562566 77.9115 0 0 0 1 
Seq_Frame0009_StylusToTrackerTransformStatus = OK
Seq_Frame0009_Timestamp = 7356.918229
Seq_Frame0009_UnfilteredTimestamp = 7356.915000
Seq_Frame0009_ImageStatus = OK
Seq_Frame0010_FrameNumber = 329651
Seq_Frame0010_ProbeToTrackerTransform = 0.461181 -0.22849 0.857556 224.582 -0.228103 0.903439 0.36336 -25.8961 -0.857634 -0.363131 0.364498 66.9727 0 0 -0 1 
Seq_Frame0010_ProbeToTrackerTransformStatus = OK
Seq_Frame0010_ReferenceToTrackerTransform = 0.0619335 0.990334 0.125003 100.905 0.998114 -0.0616104 -0.00617388 -22.8823 0.00166288 0.125161 -0.99221 88.069 -0 0 -0 1 
Seq_Frame0010_ReferenceToTrackerTransformStatus = OK
Seq_Frame0010_StylusToTrackerTransform = -0.0635837 -0.561369 -0.825011 505.644 -0.998019 0.0359463 0.0526108 -128.141 0.000147086 0.82689 -0.562566 77.9115 0 0 0 1 
Seq_Frame0010_StylusToTrackerTransformStatus = OK
Seq_Frame0010_Timestamp = 7356.938029
Seq_Frame0010_UnfilteredTimestamp = 7356.936000
Seq_Frame0010_ImageStatus = OK
Seq_Frame0011_FrameNumber = 329652
Seq_Frame0011_ProbeToTrackerTransform = 0.460916 -0.228458 0.857618 224.582 -0.22822 0.903318 0.363435 -25.8961 -0.857624 -0.363254 0.364234 66.9727 0 0 -0 1 
Seq_Frame0011_ProbeToTrackerTransformStatus = OK
Seq_Frame0011_ReferenceToTrackerTransform = 0.0619335 0.990334 0.125003 100.905 0.998114 -0.0616104 -0.00617388 -22.8823 0.00166288 0.125161 -0.99221 88.069 -0 0 -0 1 
Seq_Frame0011_ReferenceToTrackerTransformStatus = OK
Seq_Frame0011_StylusToTrackerTransform = -0.0634832 -0.561372 -0.825016 505.644 -0.998026 0.0359466 0.0526111 -128.141 0.000215623 0.826887 -0.562569 77.9115 0 0 0 1 
Seq_Frame0011_StylusToTrackerTransformStatus = OK
Seq_Frame0011_Timestamp = 7356.961729
Seq_Frame0011_UnfilteredTimestamp = 7356.980000
Seq_Frame0011_ImageStatus = OK
Seq_Frame0012_FrameNumber = 329653
Seq_Frame0012_ProbeToTrackerTransform = 0.46083 -0.228618 0.857753 224.47 -0.228425 0.903292 0.363474 -25.8961 -0.857715 -0.363397 0.364 66.9727 0 0 -0 1 
Seq_Frame0012_ProbeToTrackerTransformStatus = OK
Seq_Frame0012_ReferenceToTrackerTransform = 0.0619335 0.990334 0.125003 100.905 0.998114 -0.0616104 -0.00617388 -22.8823 0.00166288 0.125161 -0.99221 88.069 -0 0 -0 1 
Seq_Frame0012_ReferenceToTrackerTransformStatus = OK
Seq_Frame0012_StylusToTrackerTransform = -0.063476 -0.561377 -0.825023 505.644 -0.997912 0.0358738 0.0525042 -128.141 0.000215598 0.826887 -0.562569 77.9115 0 0 0 1 
Seq_Frame0012_StylusToTrackerTransformStatus = OK
Seq_Frame0012_Timestamp = 7356.983500
Seq_Frame0012_UnfilteredTimestamp = 7356.982000
Seq_Frame0012_ImageStatus = OK
Seq_Frame0013_FrameNumber = 329654
Seq_Frame0013_ProbeToTrackerTransform = 0.460595 -0.22875 0.857722 224.582 -0.228512 0.903231 0.363677 -25.8961 -0.857728 -0.363496 0.363704 66.9727 0 0 -0 1 
Seq_Frame0013_ProbeToTrackerTransformStatus = OK
Seq_Frame0013_ReferenceToTrackerTransform = 0.0619335 0.990334 0.125003 100.905 0.998114 -0.0616104 -0.00617388 -22.8823 0.00166288 0.125161 -0.99221 88.069 -0 0 -0 1 
Seq_Frame0013_ReferenceToTrackerTransformStatus = OK
Seq_Frame0013_StylusToTrackerTransform = -0.063476 -0.561377 -0.825023 505.644 -0.997912 0.0358738 0.0525042 -128.141 0.000215598 0.826887 -0.562569 77.9115 0 0 0 1 
Seq_Frame0013_StylusToTrackerTransformStatus = OK
Seq_Frame0013_Timestamp = 7357.004229
Seq_Frame0013_UnfilteredTimestamp = 7356.999000
Seq_Frame0013_ImageStatus = OK
Seq_Frame0014_FrameNumber = 329655
Seq_Frame0014_ProbeToTrackerTransform = 0.460632 -0.229016 0.857754 224.582 -0.22854 0.903139 0.363944 -25.8961 -0.857767 -0.363582 0.363527 66.9727 0 0 -0 1 
Seq_Frame0014_ProbeToTrackerTransformStatus = OK
Seq_Frame0014_ReferenceToTrackerTransform = 0.0619335 0.990333 0.12501 100.905 0.998114 -0.0616256 -0.00605299 -22.8823 0.00166288 0.125161 -0.99221 88.069 -0 0 -0 1 
Seq_Frame0014_ReferenceToTrackerTransformStatus = OK
Seq_Frame0014_StylusToTrackerTransform = -0.063476 -0.561377 -0.825023 505.644 -0.997912 0.0358738 0.0525042 -128.141 0.000215598 0.826887 -0.562569 77.9115 0 0 0 1 
Seq_Frame0014_StylusToTrackerTransformStatus = OK
Seq_Frame0014_Timestamp = 7357.024786
Seq_Frame0014_UnfilteredTimestamp = 7357.020000
Seq_Frame0014_ImageStatus = OK
Seq_Frame0015_FrameNumber = 329656
Seq_Frame0015_ProbeToTrackerTransform = 0.460564 -0.22923 0.857668 224.582 -0.228456 0.902993 0.364117 -25.7845 -0.857825 -0.363658 0.363435 66.9727 0 0 -0 1 
Seq_Frame0015_ProbeToTrackerTransformStatus = OK
Seq_Frame0015_ReferenceToTrackerTransform = 0.0619335 0.990333 0.12501 100.905 0.998114 -0.0616256 -0.00605299 -22.8823 0.00166288 0.125161 -0.99221 88.069 -0 0 -0 1 
Seq_Frame0015_ReferenceToTrackerTransformStatus = OK
Seq_Frame0015_StylusToTrackerTransform = -0.063476 -0.561377 -0.825023 505.644 -0.997912 0.0358738 0.0525042 -128.141 0.000215598 0.826887 -0.562569 77.9115 0 0 0 1 
Seq_Frame0015_StylusToTrackerTransformStatus = OK
Seq_Frame0015_Timestamp = 7357.044886
Seq_Frame0015_UnfilteredTimestamp = 7357.039000
Seq_Frame0015_ImageStatus = OK
Seq_Frame0016_FrameNumber = 329657
Seq_Frame0016_ProbeToTrackerTransform = 0.460595 -0.229951 0.857441 224.582 -0.228359 0.902684 0.36489 -25.7845 -0.857802 -0.363867 0.363281 66.9727 0 0 -0 1 
Seq_Frame0016_ProbeToTrackerTransformStatus = OK
Seq_Frame0016_ReferenceToTrackerTransform = 0.0619347 0.990363 0.124892 100.905 0.998113 -0.0616273 -0.00604562 -22.8823 0.00165541 0.125043 -0.99224 88.069 -0 0 -0 1 
Seq_Frame0016_ReferenceToTrackerTransformStatus = OK
Seq_Frame0016_StylusToTrackerTransform = -0.0634119 -0.561278 -0.825179 505.644 -0.997916 0.0358675 0.0525141 -128.141 0.000121267 0.826921 -0.562462 77.9115 0 0 0 1 
Seq_Frame0016_StylusToTrackerTransformStatus = OK
Seq_Frame0016_Timestamp = 7357.066543
Seq_Frame0016_UnfilteredTimestamp = 7357.066000
Seq_Frame0016_ImageStatus = OK
Seq_Frame0017_FrameNumber = 329658
Seq_Frame0017_ProbeToTrackerTransform = 0.460793 -0.230971 0.857098 224.693 -0.228025 0.902439 0.365861 -25.6729 -0.857816 -0.363997 0.363117 66.9727 0 0 -0 1 
Seq_Frame0017_ProbeToTrackerTransformStatus = OK
Seq_Frame0017_ReferenceToTrackerTransform = 0.0619347 0.990363 0.124892 100.905 0.998113 -0.0616273 -0.00604562 -22.8823 0.00165541 0.125043 -0.99224 88.069 -0 0 -0 1 
Seq_Frame0017_ReferenceToTrackerTransformStatus = OK
Seq_Frame0017_StylusToTrackerTransform = -0.0634119 -0.561278 -0.825179 505.644 -0.997916 0.0358675 0.0525141 -128.141 0.000121267 0.826921 -0.562462 77.9115 0 0 0 1 
Seq_Frame0017_StylusToTrackerTransformStatus = OK
Seq_Frame0017_Timestamp = 7357.087271
Seq_Frame0017_UnfilteredTimestamp = 7357.084000
Seq_Frame0017_ImageStatus = OK
Seq_Frame0018_FrameNumber = 329659
Seq_Frame0018_ProbeToTrackerTransform = 0.461199 -0.232461 0.856461 224.917 -0.22758 0.901937 0.367517 -25.5612 -0.857739 -0.364429 0.362909 66.9727 0 0 -0 1 
Seq_Frame0018_ProbeToTrackerTransformStatus = OK
Seq_Frame0018_ReferenceToTrackerTransform = 0.0619347 0.990363 0.124892 100.905 0.998113 -0.0616273 -0.00604562 -22.8823 0.00165541 0.125043 -0.99224 88.069 -0 0 -0 1 
Seq_Frame0018_ReferenceToTrackerTransformStatus = OK
Seq_Frame0018_StylusToTrackerTransform = -0.0634119 -0.561278 -0.825179 505.644 -0.997916 0.0358675 0.0525141 -128.141 0.000121267 0.826921 -0.562462 77.9115 0 0 0 1 
Seq_Frame0018_StylusToTrackerTransformStatus = OK
Seq_Frame0018_Timestamp = 7357.107929
Seq_Frame0018_UnfilteredTimestamp = 7357.105000
Seq_Frame0018_ImageStatus = OK
Seq_Frame0019_FrameNumber = 329660
Seq_Frame0019_ProbeToTrackerTransform = 0.461548 -0.233563 0.855998 225.028 -0.227478 0.901426 0.368658 -25.4496 -0.857568 -0.364781 0.362879 67.0843 0 0 -0 1 
Seq_Frame0019_ProbeToTrackerTransformStatus = OK
Seq_Frame0019_ReferenceToTrackerTransform = 0.0619347 0.990363 0.124892 100.905 0.998113 -0.0616273 -0.00604562 -22.8823 0.00165541 0.125043 -0.99224 88.069 -0 0 -0 1 
Seq_Frame0019_ReferenceToTrackerTransformStatus = OK
Seq_Frame0019_StylusToTrackerTransform = -0.0634099 -0.561176 -0.825209 505.644 -0.997916 0.0358611 0.0525161 -128.141 0.00013203 0.827073 -0.562361 77.9115 0 0 0 1 
Seq_Frame0019_StylusToTrackerTransformStatus = OK
Seq_Frame0019_Timestamp = 7357.132771
Seq_Frame0019_UnfilteredTimestamp = 7357.150000
Seq_Frame0019_ImageStatus = OK
Seq_Frame0020_FrameNumber = 329661
Seq_Frame0020_ProbeToTrackerTransform = 0.461869 -0.234254 0.85567 225.028 -0.227396 0.90111 0.369522 -25.338 -0.857408 -0.365188 0.362769 67.0843 0 0 -0 1 
Seq_Frame0020_ProbeToTrackerTransformStatus = OK
Seq_Frame0020_ReferenceToTrackerTransform = 0.0619347 0.990363 0.124892 100.905 0.998113 -0.0616273 -0.00604562 -22.8823 0.00165541 0.125043 -0.99224 88.069 -0 0 -0 1 
Seq_Frame0020_ReferenceToTrackerTransformStatus = OK
Seq_Frame0020_StylusToTrackerTransform = -0.0634104 -0.561181 -0.825215 505.644 -0.997924 0.0357927 0.0524155 -128.141 0.000132031 0.827073 -0.562361 77.9115 0 0 0 1 
Seq_Frame0020_StylusToTrackerTransformStatus = OK
Seq_Frame0020_Timestamp = 7357.154243
Seq_Frame0020_UnfilteredTimestamp = 7357.152000
Seq_Frame0020_ImageStatus = OK
Seq_Frame0021_FrameNumber = 329662
Seq_Frame0021_ProbeToTrackerTransform = 0.461889 -0.234571 0.855528 225.028 -0.227431 0.900895 0.369953 -25.2264 -0.857322 -0.365335 0.3627 67.0843 0 0 -0 1 
Seq_Frame0021_ProbeToTrackerTransformStatus = OK
Seq_Frame0021_ReferenceToTrackerTransform = 0.0619347 0.990363 0.124892 100.905 0.998113 -0.0616273 -0.00604562 -22.8823 0.00165541 0.125043 -0.99224 88.069 -0 0 -0 1 
Seq_Frame0021_ReferenceToTrackerTransformStatus = OK
Seq_Frame0021_StylusToTrackerTransform = -0.0633098 -0.561128 -0.825259 505.644 -0.99793 0.0357893 0.0524183 -128.141 0.000200516 0.826987 -0.562308 77.9115 0 0 0 1 
Seq_Frame0021_StylusToTrackerTransformStatus = OK
Seq_Frame0021_Timestamp = 7357.174871
Seq_Frame0021_UnfilteredTimestamp = 7357.170000
Seq_Frame0021_ImageStatus = OK
Seq_Frame0022_FrameNumber = 329663
Seq_Frame0022_ProbeToTrackerTransform = 0.46184 -0.234816 0.855454 225.028 -0.227424 0.900871 0.370071 -25.2264 -0.85735 -0.365461 0.362628 67.0843 0 0 -0 1 
Seq_Frame0022_ProbeToTrackerTransformStatus = OK
Seq_Frame0022_ReferenceToTrackerTransform = 0.0619351 0.990371 0.124893 100.905 0.998121 -0.0615066 -0.0060304 -22.8823 0.00165542 0.125043 -0.99224 88.069 -0 0 -0 1 
Seq_Frame0022_ReferenceToTrackerTransformStatus = OK
Seq_Frame0022_StylusToTrackerTransform = -0.0633098 -0.561128 -0.825259 505.644 -0.99793 0.0357893 0.0524183 -128.141 0.000200516 0.826987 -0.562308 77.9115 0 0 0 1 
Seq_Frame0022_StylusToTrackerTransformStatus = OK
Seq_Frame0022_Timestamp = 7357.195243
Seq_Frame0022_UnfilteredTimestamp = 7357.190000
Seq_Frame0022_ImageStatus = OK
Seq_Frame0023_FrameNumber = 329664
Seq_Frame0023_ProbeToTrackerTransform = 0.461767 -0.235011 0.855372 225.028 -0.227382 0.900886 0.37031 -25.2264 -0.857433 -0.365442 0.362574 67.0843 0 0 -0 1 
Seq_Frame0023_ProbeToTrackerTransformStatus = OK
Seq_Frame0023_ReferenceToTrackerTransform = 0.0619351 0.990371 0.124893 100.905 0.998121 -0.0615066 -0.0060304 -22.8823 0.00165542 0.125043 -0.99224 88.069 -0 0 -0 1 
Seq_Frame0023_ReferenceToTrackerTransformStatus = OK
Seq_Frame0023_StylusToTrackerTransform = -0.0633142 -0.561166 -0.825315 505.644 -0.99793 0.0357918 0.0524219 -128.141 0.000206908 0.827044 -0.562225 77.7999 0 0 0 1 
Seq_Frame0023_StylusToTrackerTransformStatus = OK
Seq_Frame0023_Timestamp = 7357.214886
Seq_Frame0023_UnfilteredTimestamp = 7357.209000
Seq_Frame0023_ImageStatus = OK
Seq_Frame0024_FrameNumber = 329665
Seq_Frame0024_ProbeToTrackerTransform = 0.461737 -0.235333 0.855421 225.028 -0.227273 0.900767 0.370496 -25.2264 -0.857454 -0.36537 0.36243 67.0843 0 0 -0 1 
Seq_Frame0024_ProbeToTrackerTransformStatus = OK
Seq_Frame0024_ReferenceToTrackerTransform = 0.0619349 0.990355 0.125013 100.905 0.998121 -0.0615057 -0.00603785 -22.8823 0.0016554 0.125041 -0.992225 88.069 -0 0 -0 1 
Seq_Frame0024_ReferenceToTrackerTransformStatus = OK
Seq_Frame0024_StylusToTrackerTransform = -0.0633141 -0.561083 -0.825372 505.644 -0.99793 0.0357865 0.0524255 -128.141 0.000206922 0.8271 -0.562263 77.7999 0 0 0 1 
Seq_Frame0024_StylusToTrackerTransformStatus = OK
Seq_Frame0024_Timestamp = 7357.235986
Seq_Frame0024_UnfilteredTimestamp = 7357.235000
Seq_Frame0024_ImageStatus = OK
Seq_Frame0025_FrameNumber = 329666
Seq_Frame0025_ProbeToTrackerTransform = 0.461646 -0.235476 0.855429 225.028 -0.227118 0.900705 0.37062 -25.2264 -0.857609 -0.365397 0.36228 67.0843 0 0 -0 1 
Seq_Frame0025_ProbeToTrackerTransformStatus = OK
Seq_Frame0025_ReferenceToTrackerTransform = 0.0619349 0.990355 0.125013 100.905 0.998121 -0.0615057 -0.00603785 -22.8823 0.0016554 0.125041 -0.992225 88.069 -0 0 -0 1 
Seq_Frame0025_ReferenceToTrackerTransformStatus = OK
Seq_Frame0025_StylusToTrackerTransform = -0.0633141 -0.561076 -0.825376 505.644 -0.99793 0.0358872 0.052357 -128.141 0.000206922 0.8271 -0.562263 77.7999 0 0 0 1 
Seq_Frame0025_StylusToTrackerTransformStatus = OK
Seq_Frame0025_Timestamp = 7357.256457
Seq_Frame0025_UnfilteredTimestamp = 7357.254000
Seq_Frame0025_ImageStatus = OK
Seq_Frame0026_FrameNumber = 329667
Seq_Frame0026_ProbeToTrackerTransform = 0.461621 -0.235678 0.85532 225.028 -0.226995 0.900672 0.370802 -25.1147 -0.857598 -0.365189 0.362227 66.9727 0 0 -0 1 
Seq_Frame0026_ProbeToTrackerTransformStatus = OK
Seq_Frame0026_ReferenceToTrackerTransform = 0.061934 0.99034 0.125011 100.905 0.998121 -0.0615049 -0.00603776 -22.8823 0.0016629 0.125161 -0.99221 88.069 -0 0 -0 1 
Seq_Frame0026_ReferenceToTrackerTransformStatus = OK
Seq_Frame0026_StylusToTrackerTransform = -0.0633098 -0.561121 -0.825263 505.644 -0.99793 0.03589 0.0523498 -128.141 0.000200516 0.826987 -0.562308 77.7999 0 0 0 1 
Seq_Frame0026_StylusToTrackerTransformStatus = OK
Seq_Frame0026_Timestamp = 7357.276586
Seq_Frame0026_UnfilteredTimestamp = 7357.274000
Seq_Frame0026_ImageStatus = OK
Seq_Frame0027_FrameNumber = 329668
Seq_Frame0027_ProbeToTrackerTransform = 0.461619 -0.235827 0.855246 225.028 -0.226846 0.900671 0.37085 -25.1147 -0.857671 -0.36514 0.362227 66.9727 0 0 -0 1 
Seq_Frame0027_ProbeToTrackerTransformStatus = OK
Seq_Frame0027_ReferenceToTrackerTransform = 0.061934 0.99034 0.125011 100.905 0.998121 -0.0615049 -0.00603776 -22.8823 0.0016629 0.125161 -0.99221 88.069 -0 0 -0 1 
Seq_Frame0027_ReferenceToTrackerTransformStatus = OK
Seq_Frame0027_StylusToTrackerTransform = -0.0633782 -0.561119 -0.82526 505.644 -0.997926 0.0358899 0.0523496 -128.141 0.000301258 0.826983 -0.562313 77.7999 0 0 0 1 
Seq_Frame0027_StylusToTrackerTransformStatus = OK
Seq_Frame0027_Timestamp = 7357.296557
Seq_Frame0027_UnfilteredTimestamp = 7357.295000
Seq_Frame0027_ImageStatus = OK
Seq_Frame0028_FrameNumber = 329669
Seq_Frame0028_ProbeToTrackerTransform = 0.461666 -0.236 0.855262 225.028 -0.226676 0.900659 0.370936 -25.1147 -0.857723 -0.365102 0.362266 66.9727 0 0 -0 1 
Seq_Frame0028_ProbeToTrackerTransformStatus = OK
Seq_Frame0028_ReferenceToTrackerTransform = 0.061934 0.99034 0.125011 100.905 0.998121 -0.0615049 -0.00603776 -22.8823 0.0016629 0.125161 -0.99221 88.069 -0 0 -0 1 
Seq_Frame0028_ReferenceToTrackerTransformStatus = OK
Seq_Frame0028_StylusToTrackerTransform = -0.0634782 -0.561168 -0.825209 505.644 -0.997912 0.0359616 0.0524473 -128.141 0.00023278 0.827069 -0.562366 77.7999 0 0 0 1 
Seq_Frame0028_StylusToTrackerTransformStatus = OK
Seq_Frame0028_Timestamp = 7357.317986
Seq_Frame0028_UnfilteredTimestamp = 7357.321000
Seq_Frame0028_ImageStatus = OK
Seq_Frame0029_FrameNumber = 329670
Seq_Frame0029_ProbeToTrackerTransform = 0.461665 -0.236044 0.855216 225.028 -0.226632 0.900658 0.37104 -25.1147 -0.857767 -0.364997 0.362266 66.9727 0 0 -0 1 
Seq_Frame0029_ProbeToTrackerTransformStatus = OK
Seq_Frame0029_ReferenceToTrackerTransform = 0.0619329 0.99031 0.125129 100.905 0.998121 -0.0615033 -0.00604512 -22.8823 0.00167037 0.125279 -0.992179 88.069 -0 0 -0 1 
Seq_Frame0029_ReferenceToTrackerTransformStatus = OK
Seq_Frame0029_StylusToTrackerTransform = -0.0634847 -0.561307 -0.825236 505.644 -0.997911 0.0359705 0.052449 -128.141 0.000228407 0.826974 -0.562384 77.9115 0 0 0 1 
Seq_Frame0029_StylusToTrackerTransformStatus = OK
Seq_Frame0029_Timestamp = 7357.338686
Seq_Frame0029_UnfilteredTimestamp = 7357.340000
Seq_Frame0029_ImageStatus = OK
Seq_Frame0030_FrameNumber = 329671
Seq_Frame0030_ProbeToTrackerTransform = 0.461789 -0.236173 0.85517 225.028 -0.226461 0.900681 0.37104 -25.1147 -0.857712 -0.364978 0.362416 66.9727 0 0 -0 1 
Seq_Frame0030_ProbeToTrackerTransformStatus = OK
Seq_Frame0030_ReferenceToTrackerTransform = 0.0619329 0.99031 0.125129 100.905 0.998121 -0.0615033 -0.00604512 -22.8823 0.00167037 0.125279 -0.992179 88.069 -0 0 -0 1 
Seq_Frame0030_ReferenceToTrackerTransformStatus = OK
Seq_Frame0030_StylusToTrackerTransform = -0.0634875 -0.561264 -0.825173 505.644 -0.998026 0.0360408 0.0525523 -128.141 0.000222024 0.826917 -0.562468 77.9115 0 0 0 1 
Seq_Frame0030_StylusToTrackerTransformStatus = OK
Seq_Frame0030_Timestamp = 7357.359129
Seq_Frame0030_UnfilteredTimestamp = 7357.360000
Seq_Frame0030_ImageStatus = OK
Seq_Frame0031_FrameNumber = 329672
Seq_Frame0031_ProbeToTrackerTransform = 0.461865 -0.236172 0.855063 225.028 -0.226416 0.900716 0.371057 -25.1147 -0.85765 -0.364892 0.362529 66.9727 0 0 -0 1 
Seq_Frame0031_ProbeToTrackerTransformStatus = OK
Seq_Frame0031_ReferenceToTrackerTransform = 0.0619329 0.99031 0.125129 100.905 0.998121 -0.0615033 -0.00604512 -22.8823 0.00167037 0.125279 -0.992179 88.069 -0 0 -0 1 
Seq_Frame0031_ReferenceToTrackerTransformStatus = OK
Seq_Frame0031_StylusToTrackerTransform = -0.0634875 -0.561264 -0.825173 505.644 -0.998026 0.0360408 0.0525523 -128.141 0.000222024 0.826917 -0.562468 77.9115 0 0 0 1 
Seq_Frame0031_StylusToTrackerTransformStatus = OK
Seq_Frame0031_Timestamp = 7357.381629
Seq_Frame0031_UnfilteredTimestamp = 7357.380000
Seq_Frame0031_ImageStatus = OK
Seq_Frame0032_FrameNumber = 329674
Seq_Frame0032_ProbeToTrackerTransform = 0.461893 -0.236052 0.855015 225.028 -0.226533 0.900708 0.371151 -25.1147 -0.857596 -0.365167 0.362546 67.0843 0 0 -0 1 
Seq_Frame0032_ProbeToTrackerTransformStatus = OK
Seq_Frame0032_ReferenceToTrackerTransform = 0.0619327 0.990296 0.125242 100.905 0.998121 -0.0614871 -0.00617345 -22.8823 0.00167035 0.125277 -0.992164 88.1807 -0 0 -0 1 
Seq_Frame0032_ReferenceToTrackerTransformStatus = OK
Seq_Frame0032_StylusToTrackerTransform = -0.0635881 -0.561267 -0.825163 505.644 -0.998019 0.0359399 0.0526205 -128.141 0.000153499 0.82692 -0.562464 77.9115 0 0 0 1 
Seq_Frame0032_StylusToTrackerTransformStatus = OK
Seq_Frame0032_Timestamp = 7357.424786
Seq_Frame0032_UnfilteredTimestamp = 7357.426000
Seq_Frame0032_ImageStatus = OK
Seq_Frame0033_FrameNumber = 329675
Seq_Frame0033_ProbeToTrackerTransform = 0.46193 -0.235936 0.855061 225.028 -0.22676 0.900604 0.371116 -25.1147 -0.857451 -0.365334 0.362474 67.0843 0 0 -0 1 
Seq_Frame0033_ProbeToTrackerTransformStatus = OK
Seq_Frame0033_ReferenceToTrackerTransform = 0.0619327 0.990296 0.125242 100.905 0.998121 -0.0614871 -0.00617345 -22.8823 0.00167035 0.125277 -0.992164 88.1807 -0 0 -0 1 
Seq_Frame0033_ReferenceToTrackerTransformStatus = OK
Seq_Frame0033_StylusToTrackerTransform = -0.0635881 -0.561267 -0.825163 505.644 -0.998019 0.0359399 0.0526205 -128.141 0.000153499 0.82692 -0.562464 77.9115 0 0 0 1 
Seq_Frame0033_StylusToTrackerTransformStatus = OK
Seq_Frame0033_Timestamp = 7357.445657
Seq_Frame0033_UnfilteredTimestamp = 7357.446000
Seq_Frame0033_ImageStatus = OK
Seq_Frame0034_FrameNumber = 329676
Seq_Frame0034_ProbeToTrackerTransform = 0.462356 -0.235588 0.854952 225.028 -0.227571 0.900354 0.37125 -25.1147 -0.857104 -0.366158 0.362634 67.1959 0 0 -0 1 
Seq_Frame0034_ProbeToTrackerTransformStatus = OK
Seq_Frame0034_ReferenceToTrackerTransform = 0.0619329 0.990311 0.125122 100.905 0.998121 -0.061488 -0.006166 -22.8823 0.00167037 0.125279 -0.992179 88.069 -0 0 -0 1 
Seq_Frame0034_ReferenceToTrackerTransformStatus = OK
Seq_Frame0034_StylusToTrackerTransform = -0.0635881 -0.561267 -0.825163 505.644 -0.998019 0.0359399 0.0526205 -128.141 0.000153499 0.82692 -0.562464 77.9115 0 0 0 1 
Seq_Frame0034_StylusToTrackerTransformStatus = OK
Seq_Frame0034_Timestamp = 7357.470700
Seq_Frame0034_UnfilteredTimestamp = 7357.491000
Seq_Frame0034_ImageStatus = OK
Seq_Frame0035_FrameNumber = 329677
Seq_Frame0035_ProbeToTrackerTransform = 0.462743 -0.235339 0.854836 225.028 -0.228094 0.90017 0.371248 -25.1147 -0.856672 -0.366693 0.36283 67.1959 0 0 -0 1 
Seq_Frame0035_ProbeToTrackerTransformStatus = OK
Seq_Frame0035_ReferenceToTrackerTransform = 0.0619324 0.990303 0.125121 100.905 0.998114 -0.0616087 -0.00618125 -22.8823 0.00167036 0.125279 -0.992179 88.069 -0 0 -0 1 
Seq_Frame0035_ReferenceToTrackerTransformStatus = OK
Seq_Frame0035_StylusToTrackerTransform = -0.0635881 -0.561267 -0.825163 505.644 -0.998019 0.0359399 0.0526205 -128.141 0.000153499 0.82692 -0.562464 77.9115 0 0 0 1 
Seq_Frame0035_StylusToTrackerTransformStatus = OK
Seq_Frame0035_Timestamp = 7357.495886
Seq_Frame0035_UnfilteredTimestamp = 7357.512000
Seq_Frame0035_ImageStatus = OK
Seq_Frame0036_FrameNumber = 329678
Seq_Frame0036_ProbeToTrackerTransform = 0.463119 -0.234906 0.854776 225.028 -0.22882 0.899998 0.371359 -25.1147 -0.85637 -0.367493 0.363022 67.3075 0 0 -0 1 
Seq_Frame0036_ProbeToTrackerTransformStatus = OK
Seq_Frame0036_ReferenceToTrackerTransform = 0.0619329 0.990311 0.125122 100.905 0.998121 -0.061488 -0.006166 -22.8823 0.00167037 0.125279 -0.992179 88.069 -0 0 -0 1 
Seq_Frame0036_ReferenceToTrackerTransformStatus = OK
Seq_Frame0036_StylusToTrackerTransform = -0.0635881 -0.561267 -0.825163 505.644 -0.998019 0.0359399 0.0526205 -128.141 0.000153499 0.82692 -0.562464 77.9115 0 0 0 1 
Seq_Frame0036_StylusToTrackerTransformStatus = OK
Seq_Frame0036_Timestamp = 7357.520214
Seq_Frame0036_UnfilteredTimestamp = 7357.532000
Seq_Frame0036_ImageStatus = OK
Seq_Frame0037_FrameNumber = 329679
Seq_Frame0037_ProbeToTrackerTransform = 0.463175 -0.234375 0.85487 225.028 -0.229837 0.899848 0.371206 -25.1147 -0.855984 -0.36833 0.362916 67.4191 0 0 -0 1 
Seq_Frame0037_ProbeToTrackerTransformStatus = OK
Seq_Frame0037_ReferenceToTrackerTransform = 0.0619329 0.990311 0.125122 100.905 0.998121 -0.061488 -0.006166 -22.8823 0.00167037 0.125279 -0.992179 88.069 -0 0 -0 1 
Seq_Frame0037_ReferenceToTrackerTransformStatus = OK
Seq_Frame0037_StylusToTrackerTransform = -0.0635881 -0.561273 -0.825159 505.644 -0.998019 0.0358391 0.052689 -128.141 0.000153499 0.82692 -0.562464 77.9115 0 0 0 1 
Seq_Frame0037_StylusToTrackerTransformStatus = OK
Seq_Frame0037_Timestamp = 7357.548229
Seq_Frame0037_UnfilteredTimestamp = 7357.575000
Seq_Frame0037_ImageStatus = OK
Seq_Frame0038_FrameNumber = 329680
Seq_Frame0038_ProbeToTrackerTransform = 0.463087 -0.234131 0.854963 225.028 -0.23007 0.899789 0.371101 -25.0031 -0.856059 -0.368587 0.362765 67.4191 0 0 -0 1 
Seq_Frame0038_ProbeToTrackerTransformStatus = OK
Seq_Frame0038_ReferenceToTrackerTransform = 0.0619329 0.990311 0.125122 100.905 0.998121 -0.061488 -0.006166 -22.8823 0.00167037 0.125279 -0.992179 88.069 -0 0 -0 1 
Seq_Frame0038_ReferenceToTrackerTransformStatus = OK
Seq_Frame0038_StylusToTrackerTransform = -0.0635924 -0.561229 -0.825272 505.644 -0.998019 0.0358362 0.0526962 -128.141 0.000159929 0.827033 -0.562419 77.9115 0 0 0 1 
Seq_Frame0038_StylusToTrackerTransformStatus = OK
Seq_Frame0038_Timestamp = 7357.577743
Seq_Frame0038_UnfilteredTimestamp = 7357.595000
Seq_Frame0038_ImageStatus = OK
Seq_Frame0039_FrameNumber = 329681
Seq_Frame0039_ProbeToTrackerTransform = 0.463011 -0.234042 0.855005 224.917 -0.230369 0.899683 0.37102 -25.0031 -0.85602 -0.368734 0.362582 67.4191 0 0 -0 1 
Seq_Frame0039_ProbeToTrackerTransformStatus = OK
Seq_Frame0039_ReferenceToTrackerTransform = 0.0618275 0.990317 0.125122 100.905 0.998128 -0.0614884 -0.00616605 -22.8823 0.00153422 0.125287 -0.992179 88.069 -0 0 -0 1 
Seq_Frame0039_ReferenceToTrackerTransformStatus = OK
Seq_Frame0039_StylusToTrackerTransform = -0.0636865 -0.561112 -0.825222 505.644 -0.998013 0.0358288 0.0526931 -128.141 9.57736e-005 0.826991 -0.562302 77.7999 0 0 0 1 
Seq_Frame0039_StylusToTrackerTransformStatus = OK
Seq_Frame0039_Timestamp = 7357.605000
Seq_Frame0039_UnfilteredTimestamp = 7357.616000
Seq_Frame0039_ImageStatus = OK
Seq_Frame0040_FrameNumber = 329682
Seq_Frame0040_ProbeToTrackerTransform = 0.462738 -0.234557 0.855011 225.028 -0.23026 0.899566 0.371377 -24.7799 -0.856118 -0.36868 0.362195 67.3075 0 0 -0 1 
Seq_Frame0040_ProbeToTrackerTransformStatus = OK
Seq_Frame0040_ReferenceToTrackerTransform = 0.0618131 0.990334 0.125124 100.905 0.998129 -0.0614892 -0.00616615 -22.8823 0.00164762 0.12516 -0.992194 88.069 -0 0 -0 1 
Seq_Frame0040_ReferenceToTrackerTransformStatus = OK
Seq_Frame0040_StylusToTrackerTransform = -0.0636904 -0.561146 -0.825272 505.644 -0.998005 0.0358996 0.0527972 -128.253 0.000102203 0.827047 -0.562219 77.7999 0 0 0 1 
Seq_Frame0040_StylusToTrackerTransformStatus = OK
Seq_Frame0040_Timestamp = 7357.635414
Seq_Frame0040_UnfilteredTimestamp = 7357.659000
Seq_Frame0040_ImageStatus = OK
Seq_Frame0041_FrameNumber = 329683
Seq_Frame0041_ProbeToTrackerTransform = 0.462516 -0.234829 0.855021 225.028 -0.230102 0.899596 0.371652 -24.7799 -0.856257 -0.368621 0.362006 67.3075 0 0 -0 1 
Seq_Frame0041_ProbeToTrackerTransformStatus = OK
Seq_Frame0041_ReferenceToTrackerTransform = 0.0618133 0.990349 0.125004 100.905 0.998129 -0.0614902 -0.0061587 -22.8823 0.00164765 0.125162 -0.99221 88.069 -0 0 -0 1 
Seq_Frame0041_ReferenceToTrackerTransformStatus = OK
Seq_Frame0041_StylusToTrackerTransform = -0.0636904 -0.561146 -0.825272 505.644 -0.998005 0.0358996 0.0527972 -128.253 0.000102203 0.827047 -0.562219 77.7999 0 0 0 1 
Seq_Frame0041_StylusToTrackerTransformStatus = OK
Seq_Frame0041_Timestamp = 7357.664371
Seq_Frame0041_UnfilteredTimestamp = 7357.678000
Seq_Frame0041_ImageStatus = OK
Seq_Frame0042_FrameNumber = 329684
Seq_Frame0042_ProbeToTrackerTransform = 0.462463 -0.235162 0.85508 225.028 -0.229898 0.899518 0.371798 -24.7799 -0.856317 -0.368565 0.361878 67.3075 0 0 -0 1 
Seq_Frame0042_ProbeToTrackerTransformStatus = OK
Seq_Frame0042_ReferenceToTrackerTransform = 0.0618133 0.990349 0.125004 100.905 0.998129 -0.0614902 -0.0061587 -22.8823 0.00164765 0.125162 -0.99221 88.069 -0 0 -0 1 
Seq_Frame0042_ReferenceToTrackerTransformStatus = OK
Seq_Frame0042_StylusToTrackerTransform = -0.0636904 -0.561146 -0.825272 505.644 -0.998005 0.0358996 0.0527972 -128.253 0.000102203 0.827047 -0.562219 77.7999 0 0 0 1 
Seq_Frame0042_StylusToTrackerTransformStatus = OK
Seq_Frame0042_Timestamp = 7357.691971
Seq_Frame0042_UnfilteredTimestamp = 7357.698000
Seq_Frame0042_ImageStatus = OK
Seq_Frame0043_FrameNumber = 329685
Seq_Frame0043_ProbeToTrackerTransform = 0.462303 -0.235636 0.855033 225.028 -0.229705 0.899538 0.372146 -24.7799 -0.856563 -0.368322 0.361623 67.1959 0 0 -0 1 
Seq_Frame0043_ProbeToTrackerTransformStatus = OK
Seq_Frame0043_ReferenceToTrackerTransform = 0.0618133 0.990349 0.125004 100.905 0.998129 -0.0614902 -0.0061587 -22.8823 0.00164765 0.125162 -0.99221 88.069 -0 0 -0 1 
Seq_Frame0043_ReferenceToTrackerTransformStatus = OK
Seq_Frame0043_StylusToTrackerTransform = -0.063686 -0.561107 -0.825215 505.644 -0.998005 0.0358972 0.0527936 -128.253 9.57729e-005 0.826991 -0.562302 77.7999 0 0 0 1 
Seq_Frame0043_StylusToTrackerTransformStatus = OK
Seq_Frame0043_Timestamp = 7357.718900
Seq_Frame0043_UnfilteredTimestamp = 7357.718000
Seq_Frame0043_ImageStatus = OK
Seq_Frame0044_FrameNumber = 329686
Seq_Frame0044_ProbeToTrackerTransform = 0.462048 -0.236502 0.854884 225.14 -0.229221 0.899399 0.372766 -24.7799 -0.856782 -0.368101 0.361364 67.1959 0 0 -0 1 
Seq_Frame0044_ProbeToTrackerTransformStatus = OK
Seq_Frame0044_ReferenceToTrackerTransform = 0.0618143 0.990364 0.125006 100.905 0.998129 -0.0614909 -0.00615879 -22.8823 0.00164016 0.125042 -0.992225 88.069 -0 0 -0 1 
Seq_Frame0044_ReferenceToTrackerTransformStatus = OK
Seq_Frame0044_StylusToTrackerTransform = -0.063686 -0.561107 -0.825215 505.644 -0.998005 0.0358972 0.0527936 -128.253 9.57729e-005 0.826991 -0.562302 77.7999 0 0 0 1 
Seq_Frame0044_StylusToTrackerTransformStatus = OK
Seq_Frame0044_Timestamp = 7357.745843
Seq_Frame0044_UnfilteredTimestamp = 7357.745000
Seq_Frame0044_ImageStatus = OK
Seq_Frame0045_FrameNumber = 329687
Seq_Frame0045_ProbeToTrackerTransform = 0.461906 -0.237492 0.854669 225.14 -0.228562 0.89928 0.373393 -24.6683 -0.857085 -0.36779 0.361 67.0843 0 0 -0 1 
Seq_Frame0045_ProbeToTrackerTransformStatus = OK
Seq_Frame0045_ReferenceToTrackerTransform = 0.0618143 0.990364 0.125006 100.905 0.998129 -0.0614909 -0.00615879 -22.8823 0.00164016 0.125042 -0.992225 88.069 -0 0 -0 1 
Seq_Frame0045_ReferenceToTrackerTransformStatus = OK
Seq_Frame0045_StylusToTrackerTransform = -0.0636861 -0.561164 -0.825177 505.644 -0.998005 0.0359008 0.0527911 -128.253 9.57826e-005 0.827074 -0.562359 77.7999 0 0 0 1 
Seq_Frame0045_StylusToTrackerTransformStatus = OK
Seq_Frame0045_Timestamp = 7357.771300
Seq_Frame0045_UnfilteredTimestamp = 7357.764000
Seq_Frame0045_ImageStatus = OK
Seq_Frame0046_FrameNumber = 329688
Seq_Frame0046_ProbeToTrackerTransform = 0.46173 -0.238531 0.85448 225.14 -0.227777 0.899052 0.374135 -24.7799 -0.857284 -0.367329 0.360744 67.0843 0 0 -0 1 
Seq_Frame0046_ProbeToTrackerTransformStatus = OK
Seq_Frame0046_ReferenceToTrackerTransform = 0.0618143 0.990364 0.125006 100.905 0.998129 -0.0614909 -0.00615879 -22.8823 0.00164016 0.125042 -0.992225 88.069 -0 0 -0 1 
Seq_Frame0046_ReferenceToTrackerTransformStatus = OK
Seq_Frame0046_StylusToTrackerTransform = -0.0636861 -0.561164 -0.825177 505.644 -0.998005 0.0359008 0.0527911 -128.141 9.57826e-005 0.827074 -0.562359 77.7999 0 0 0 1 
Seq_Frame0046_StylusToTrackerTransformStatus = OK
Seq_Frame0046_Timestamp = 7357.795571
Seq_Frame0046_UnfilteredTimestamp = 7357.784000
Seq_Frame0046_ImageStatus = OK
Seq_Frame0047_FrameNumber = 329689
Seq_Frame0047_ProbeToTrackerTransform = 0.461723 -0.239132 0.854332 225.251 -0.227115 0.899089 0.374452 -24.7799 -0.857569 -0.366937 0.360674 66.9727 0 0 -0 1 
Seq_Frame0047_ProbeToTrackerTransformStatus = OK
Seq_Frame0047_ReferenceToTrackerTransform = 0.0618143 0.990364 0.125006 100.905 0.998129 -0.0614909 -0.00615879 -22.8823 0.00164016 0.125042 -0.992225 88.069 -0 0 -0 1 
Seq_Frame0047_ReferenceToTrackerTransformStatus = OK
Seq_Frame0047_StylusToTrackerTransform = -0.063586 -0.561166 -0.825193 505.644 -0.998019 0.0359334 0.0526224 -128.141 0.000164295 0.827072 -0.562363 77.9115 0 0 0 1 
Seq_Frame0047_StylusToTrackerTransformStatus = OK
Seq_Frame0047_Timestamp = 7357.819357
Seq_Frame0047_UnfilteredTimestamp = 7357.805000
Seq_Frame0047_ImageStatus = OK
Seq_Frame0048_FrameNumber = 329690
Seq_Frame0048_ProbeToTrackerTransform = 0.461483 -0.239282 0.854452 225.14 -0.226791 0.899211 0.374407 -24.7799 -0.857702 -0.366528 0.360686 66.9727 0 0 -0 1 
Seq_Frame0048_ProbeToTrackerTransformStatus = OK
Seq_Frame0048_ReferenceToTrackerTransform = 0.0618133 0.990349 0.125004 100.905 0.998129 -0.0614902 -0.0061587 -22.8823 0.00164765 0.125162 -0.99221 88.069 -0 0 -0 1 
Seq_Frame0048_ReferenceToTrackerTransformStatus = OK
Seq_Frame0048_StylusToTrackerTransform = -0.063586 -0.561109 -0.825231 505.644 -0.998019 0.0359298 0.0526249 -128.141 0.000164278 0.826988 -0.562306 77.9115 0 0 0 1 
Seq_Frame0048_StylusToTrackerTransformStatus = OK
Seq_Frame0048_Timestamp = 7357.842771
Seq_Frame0048_UnfilteredTimestamp = 7357.830000
Seq_Frame0048_ImageStatus = OK
Seq_Frame0049_FrameNumber = 329691
Seq_Frame0049_ProbeToTrackerTransform = 0.461357 -0.239294 0.85446 225.14 -0.226611 0.899312 0.374252 -24.7799 -0.857826 -0.366218 0.360665 66.861 0 0 -0 1 
Seq_Frame0049_ProbeToTrackerTransformStatus = OK
Seq_Frame0049_ReferenceToTrackerTransform = 0.0618133 0.990349 0.125004 100.905 0.998129 -0.0614902 -0.0061587 -22.8823 0.00164765 0.125162 -0.99221 88.069 -0 0 -0 1 
Seq_Frame0049_ReferenceToTrackerTransformStatus = OK
Seq_Frame0049_StylusToTrackerTransform = -0.0634782 -0.561117 -0.825244 505.644 -0.997912 0.0358573 0.0525183 -128.141 0.000232757 0.826986 -0.56231 77.9115 0 0 0 1 
