ObjectType = Image
NDims = 3
AnatomicalOrientation = RAI
BinaryData = True
BinaryDataByteOrderMSB = False
CenterOfRotation = 0 0 0
CompressedData = False
DimSize = 1 1 3000                              
ElementSpacing = 1 1 1
ElementType = MET_UCHAR
Offset = 0 0 0
TransformMatrix = 1 0 0 0 1 0 0 0 1
UltrasoundImageOrientation = MF
Seq_Frame0000_FrameNumber = 24749
Seq_Frame0000_ProbeToTrackerTransform = 0.46029 -0.871593 0.169248 11.9435 -0.35276 -0.00472815 0.935849 -160.176 -0.814689 -0.490297 -0.30964 42.9741 -0 0 -0 1 
Seq_Frame0000_ProbeToTrackerTransformStatus = OK
Seq_Frame0000_ReferenceToTrackerTransform = 0.948127 -0.275131 0.160036 23.7753 0.201265 0.128979 -0.971073 -120.774 0.24661 0.9528 0.177623 81.2602 -0 0 -0 1 
Seq_Frame0000_ReferenceToTrackerTransformStatus = OK
Seq_Frame0000_StylusToTrackerTransform = 0.125015 -0.380233 -0.916368 362.657 0.989384 0.117549 0.0861656 301.154 0.0749475 -0.917364 0.391002 466.353 -0 0 -0 1 
Seq_Frame0000_StylusToTrackerTransformStatus = OK
Seq_Frame0000_Timestamp = 658.917414
Seq_Frame0000_UnfilteredTimestamp = 658.914000
Seq_Frame0000_ImageStatus = OK
Seq_Frame0001_FrameNumber = 24750
Seq_Frame0001_ProbeToTrackerTransform = 0.46021 -0.871645 0.169196 11.9435 -0.35272 -0.00472789 0.935742 -160.065 -0.814751 -0.490326 -0.309623 42.9741 -0 0 -0 1 
Seq_Frame0001_ProbeToTrackerTransformStatus = OK
Seq_Frame0001_ReferenceToTrackerTransform = 0.948127 -0.275131 0.160036 23.7753 0.201265 0.128979 -0.971073 -120.774 0.24661 0.9528 0.177623 81.2602 -0 0 -0 1 
Seq_Frame0001_ReferenceToTrackerTransformStatus = OK
Seq_Frame0001_StylusToTrackerTransform = 0.124903 -0.37966 -0.91663 362.657 0.989361 0.117728 0.0861436 301.265 0.0751955 -0.917694 0.390458 466.576 -0 0 -0 1 
Seq_Frame0001_StylusToTrackerTransformStatus = OK
Seq_Frame0001_Timestamp = 658.940257
Seq_Frame0001_UnfilteredTimestamp = 658.944000
Seq_Frame0001_ImageStatus = OK
Seq_Frame0002_FrameNumber = 24751
Seq_Frame0002_ProbeToTrackerTransform = 0.460247 -0.871634 0.16915 11.9435 -0.352642 -0.00467208 0.935817 -160.065 -0.814817 -0.490345 -0.309542 42.9741 -0 0 -0 1 
Seq_Frame0002_ProbeToTrackerTransformStatus = OK
Seq_Frame0002_ReferenceToTrackerTransform = 0.948127 -0.275131 0.160036 23.7753 0.201265 0.128979 -0.971073 -120.774 0.24661 0.9528 0.177623 81.2602 -0 0 -0 1 
Seq_Frame0002_ReferenceToTrackerTransformStatus = OK
Seq_Frame0002_StylusToTrackerTransform = 0.124088 -0.378237 -0.917318 362.322 0.989554 0.117377 0.0855122 301.489 0.0753008 -0.918246 0.388852 466.688 -0 0 -0 1 
Seq_Frame0002_StylusToTrackerTransformStatus = OK
Seq_Frame0002_Timestamp = 658.962471
Seq_Frame0002_UnfilteredTimestamp = 658.963000
Seq_Frame0002_ImageStatus = OK
Seq_Frame0003_FrameNumber = 24752
Seq_Frame0003_ProbeToTrackerTransform = 0.460247 -0.871634 0.16915 11.9435 -0.352642 -0.00467208 0.935817 -159.953 -0.814817 -0.490345 -0.309542 42.9741 -0 0 -0 1 
Seq_Frame0003_ProbeToTrackerTransformStatus = OK
Seq_Frame0003_ReferenceToTrackerTransform = 0.948127 -0.275131 0.160036 23.7753 0.201265 0.128979 -0.971073 -120.774 0.24661 0.9528 0.177623 81.2602 -0 0 -0 1 
Seq_Frame0003_ReferenceToTrackerTransformStatus = OK
Seq_Frame0003_StylusToTrackerTransform = 0.123684 -0.37876 -0.917143 362.322 0.989585 0.116207 0.0854218 301.712 0.0742314 -0.918239 0.389206 466.465 -0 0 -0 1 
Seq_Frame0003_StylusToTrackerTransformStatus = OK
Seq_Frame0003_Timestamp = 658.984071
Seq_Frame0003_UnfilteredTimestamp = 658.983000
Seq_Frame0003_ImageStatus = OK
Seq_Frame0004_FrameNumber = 24753
Seq_Frame0004_ProbeToTrackerTransform = 0.460247 -0.871634 0.16915 11.9435 -0.352642 -0.00467208 0.935817 -159.841 -0.814817 -0.490345 -0.309542 42.9741 -0 0 -0 1 
Seq_Frame0004_ProbeToTrackerTransformStatus = OK
Seq_Frame0004_ReferenceToTrackerTransform = 0.948127 -0.275131 0.160036 23.7753 0.201265 0.128979 -0.971073 -120.774 0.24661 0.9528 0.177623 81.2602 -0 0 -0 1 
Seq_Frame0004_ReferenceToTrackerTransformStatus = OK
Seq_Frame0004_StylusToTrackerTransform = 0.123666 -0.379331 -0.917024 362.434 0.989676 0.115694 0.0856031 301.935 0.0736513 -0.918 0.389795 466.353 -0 0 -0 1 
Seq_Frame0004_StylusToTrackerTransformStatus = OK
Seq_Frame0004_Timestamp = 659.004957
Seq_Frame0004_UnfilteredTimestamp = 659.002000
Seq_Frame0004_ImageStatus = OK
Seq_Frame0005_FrameNumber = 24754
Seq_Frame0005_ProbeToTrackerTransform = 0.460354 -0.871582 0.16913 11.9435 -0.352657 -0.004672 0.935858 -159.73 -0.814803 -0.490316 -0.30943 42.9741 -0 0 -0 1 
Seq_Frame0005_ProbeToTrackerTransformStatus = OK
Seq_Frame0005_ReferenceToTrackerTransform = 0.948127 -0.275131 0.160036 23.7753 0.201265 0.128979 -0.971073 -120.774 0.24661 0.9528 0.177623 81.2602 -0 0 -0 1 
Seq_Frame0005_ReferenceToTrackerTransformStatus = OK
Seq_Frame0005_StylusToTrackerTransform = 0.123235 -0.379908 -0.916761 362.434 0.989729 0.115151 0.0853744 302.158 0.0731156 -0.917898 0.390315 466.241 -0 0 -0 1 
Seq_Frame0005_StylusToTrackerTransformStatus = OK
Seq_Frame0005_Timestamp = 659.027143
Seq_Frame0005_UnfilteredTimestamp = 659.028000
Seq_Frame0005_ImageStatus = OK
Seq_Frame0006_FrameNumber = 24755
Seq_Frame0006_ProbeToTrackerTransform = 0.460354 -0.871582 0.16913 11.9435 -0.352657 -0.004672 0.935858 -159.73 -0.814803 -0.490316 -0.30943 42.9741 -0 0 -0 1 
Seq_Frame0006_ProbeToTrackerTransformStatus = OK
Seq_Frame0006_ReferenceToTrackerTransform = 0.948127 -0.275131 0.160036 23.7753 0.201265 0.128979 -0.971073 -120.774 0.24661 0.9528 0.177623 81.2602 -0 0 -0 1 
Seq_Frame0006_ReferenceToTrackerTransformStatus = OK
Seq_Frame0006_StylusToTrackerTransform = 0.122226 -0.378999 -0.917319 362.099 0.989919 0.115027 0.0844742 302.27 0.0735167 -0.91822 0.389238 466.465 -0 0 -0 1 
Seq_Frame0006_StylusToTrackerTransformStatus = OK
Seq_Frame0006_Timestamp = 659.048743
Seq_Frame0006_UnfilteredTimestamp = 659.047000
Seq_Frame0006_ImageStatus = OK
Seq_Frame0007_FrameNumber = 24756
Seq_Frame0007_ProbeToTrackerTransform = 0.460354 -0.871582 0.16913 11.9435 -0.352657 -0.004672 0.935858 -159.618 -0.814803 -0.490316 -0.30943 42.9741 -0 0 -0 1 
Seq_Frame0007_ProbeToTrackerTransformStatus = OK
Seq_Frame0007_ReferenceToTrackerTransform = 0.948127 -0.275131 0.160036 23.7753 0.201265 0.128979 -0.971073 -120.774 0.24661 0.9528 0.177623 81.2602 -0 0 -0 1 
Seq_Frame0007_ReferenceToTrackerTransformStatus = OK
Seq_Frame0007_StylusToTrackerTransform = 0.120567 -0.377732 -0.918058 361.541 0.990039 0.114579 0.0829172 302.493 0.0738112 -0.918874 0.387878 466.576 -0 0 -0 1 
Seq_Frame0007_StylusToTrackerTransformStatus = OK
Seq_Frame0007_Timestamp = 659.069771
Seq_Frame0007_UnfilteredTimestamp = 659.067000
Seq_Frame0007_ImageStatus = OK
Seq_Frame0008_FrameNumber = 24757
Seq_Frame0008_ProbeToTrackerTransform = 0.460354 -0.871582 0.16913 11.8318 -0.352657 -0.004672 0.935858 -159.618 -0.814803 -0.490316 -0.30943 42.9741 -0 0 -0 1 
Seq_Frame0008_ProbeToTrackerTransformStatus = OK
Seq_Frame0008_ReferenceToTrackerTransform = 0.948127 -0.275131 0.160036 23.7753 0.201265 0.128979 -0.971073 -120.774 0.24661 0.9528 0.177623 81.2602 -0 0 -0 1 
Seq_Frame0008_ReferenceToTrackerTransformStatus = OK
Seq_Frame0008_StylusToTrackerTransform = 0.120273 -0.37854 -0.917755 361.541 0.990087 0.113939 0.082723 302.716 0.0732037 -0.91864 0.388508 466.353 -0 0 -0 1 
Seq_Frame0008_StylusToTrackerTransformStatus = OK
Seq_Frame0008_Timestamp = 659.090129
Seq_Frame0008_UnfilteredTimestamp = 659.086000
Seq_Frame0008_ImageStatus = OK
Seq_Frame0009_FrameNumber = 24759
Seq_Frame0009_ProbeToTrackerTransform = 0.460334 -0.871582 0.169183 11.8318 -0.352642 -0.0046718 0.935817 -159.395 -0.814768 -0.490316 -0.309523 42.9741 -0 0 -0 1 
Seq_Frame0009_ProbeToTrackerTransformStatus = OK
Seq_Frame0009_ReferenceToTrackerTransform = 0.948127 -0.275131 0.160036 23.7753 0.201265 0.128979 -0.971073 -120.774 0.24661 0.9528 0.177623 81.2602 -0 0 -0 1 
Seq_Frame0009_ReferenceToTrackerTransformStatus = OK
Seq_Frame0009_StylusToTrackerTransform = 0.12071 -0.379557 -0.917247 361.652 0.990052 0.114451 0.0829408 302.493 0.0735719 -0.918115 0.389686 466.353 -0 0 -0 1 
Seq_Frame0009_StylusToTrackerTransformStatus = OK
Seq_Frame0009_Timestamp = 659.133786
Seq_Frame0009_UnfilteredTimestamp = 659.134000
Seq_Frame0009_ImageStatus = OK
Seq_Frame0010_FrameNumber = 24760
Seq_Frame0010_ProbeToTrackerTransform = 0.460247 -0.871634 0.16915 11.8318 -0.352642 -0.00467208 0.935817 -159.283 -0.814817 -0.490345 -0.309542 42.9741 -0 0 -0 1 
Seq_Frame0010_ProbeToTrackerTransformStatus = OK
Seq_Frame0010_ReferenceToTrackerTransform = 0.948127 -0.275131 0.160036 23.7753 0.201265 0.128979 -0.971073 -120.774 0.24661 0.9528 0.177623 81.2602 -0 0 -0 1 
Seq_Frame0010_ReferenceToTrackerTransformStatus = OK
Seq_Frame0010_StylusToTrackerTransform = 0.119855 -0.378108 -0.917942 361.317 0.990157 0.114669 0.0820598 302.493 0.0742123 -0.918664 0.388151 466.576 -0 0 -0 1 
Seq_Frame0010_StylusToTrackerTransformStatus = OK
Seq_Frame0010_Timestamp = 659.154786
Seq_Frame0010_UnfilteredTimestamp = 659.154000
Seq_Frame0010_ImageStatus = OK
Seq_Frame0011_FrameNumber = 24761
Seq_Frame0011_ProbeToTrackerTransform = 0.460314 -0.871651 0.169001 11.8318 -0.352605 -0.00477186 0.935876 -159.283 -0.814848 -0.490312 -0.309511 42.9741 -0 0 -0 1 
Seq_Frame0011_ProbeToTrackerTransformStatus = OK
Seq_Frame0011_ReferenceToTrackerTransform = 0.948127 -0.275131 0.160036 23.7753 0.201265 0.128979 -0.971073 -120.774 0.24661 0.9528 0.177623 81.2602 -0 0 -0 1 
Seq_Frame0011_ReferenceToTrackerTransformStatus = OK
Seq_Frame0011_StylusToTrackerTransform = 0.119592 -0.378049 -0.918083 361.206 0.990136 0.114331 0.0819482 302.493 0.0739293 -0.918704 0.387989 466.576 -0 0 -0 1 
Seq_Frame0011_StylusToTrackerTransformStatus = OK
Seq_Frame0011_Timestamp = 659.175100
Seq_Frame0011_UnfilteredTimestamp = 659.173000
Seq_Frame0011_ImageStatus = OK
Seq_Frame0012_FrameNumber = 24762
Seq_Frame0012_ProbeToTrackerTransform = 0.460314 -0.871651 0.169001 11.8318 -0.352605 -0.00477186 0.935876 -159.172 -0.814848 -0.490312 -0.309511 42.9741 -0 0 -0 1 
Seq_Frame0012_ProbeToTrackerTransformStatus = OK
Seq_Frame0012_ReferenceToTrackerTransform = 0.948127 -0.275131 0.160036 23.7753 0.201265 0.128979 -0.971073 -120.774 0.24661 0.9528 0.177623 81.2602 -0 0 -0 1 
Seq_Frame0012_ReferenceToTrackerTransformStatus = OK
Seq_Frame0012_StylusToTrackerTransform = 0.120337 -0.379895 -0.91721 361.764 0.990099 0.113814 0.0829282 302.605 0.0729102 -0.918044 0.389846 466.353 -0 0 -0 1 
Seq_Frame0012_StylusToTrackerTransformStatus = OK
Seq_Frame0012_Timestamp = 659.198543
Seq_Frame0012_UnfilteredTimestamp = 659.206000
Seq_Frame0012_ImageStatus = OK
Seq_Frame0013_FrameNumber = 24763
Seq_Frame0013_ProbeToTrackerTransform = 0.460314 -0.871651 0.169001 11.8318 -0.352605 -0.00477186 0.935876 -159.06 -0.814848 -0.490312 -0.309511 42.9741 -0 0 -0 1 
Seq_Frame0013_ProbeToTrackerTransformStatus = OK
Seq_Frame0013_ReferenceToTrackerTransform = 0.948127 -0.275131 0.160036 23.7753 0.201265 0.128979 -0.971073 -120.774 0.24661 0.9528 0.177623 81.2602 -0 0 -0 1 
Seq_Frame0013_ReferenceToTrackerTransformStatus = OK
Seq_Frame0013_StylusToTrackerTransform = 0.121513 -0.380967 -0.916568 362.099 0.989959 0.114226 0.0838289 302.382 0.0728097 -0.91747 0.391164 466.241 -0 0 -0 1 
Seq_Frame0013_StylusToTrackerTransformStatus = OK
Seq_Frame0013_Timestamp = 659.221486
Seq_Frame0013_UnfilteredTimestamp = 659.226000
Seq_Frame0013_ImageStatus = OK
Seq_Frame0014_FrameNumber = 24764
Seq_Frame0014_ProbeToTrackerTransform = 0.460314 -0.871651 0.169001 11.8318 -0.352605 -0.00477186 0.935876 -158.948 -0.814848 -0.490312 -0.309511 42.9741 -0 0 -0 1 
Seq_Frame0014_ProbeToTrackerTransformStatus = OK
Seq_Frame0014_ReferenceToTrackerTransform = 0.948127 -0.275131 0.160036 23.7753 0.201265 0.128979 -0.971073 -120.774 0.24661 0.9528 0.177623 81.2602 -0 0 -0 1 
Seq_Frame0014_ReferenceToTrackerTransformStatus = OK
Seq_Frame0014_StylusToTrackerTransform = 0.121544 -0.380311 -0.916774 362.099 0.989988 0.114749 0.0836732 302.27 0.0734144 -0.917798 0.390491 466.353 -0 0 -0 1 
Seq_Frame0014_StylusToTrackerTransformStatus = OK
Seq_Frame0014_Timestamp = 659.243829
Seq_Frame0014_UnfilteredTimestamp = 659.246000
Seq_Frame0014_ImageStatus = OK
Seq_Frame0015_FrameNumber = 24765
Seq_Frame0015_ProbeToTrackerTransform = 0.460294 -0.871652 0.169054 11.8318 -0.352589 -0.00477165 0.935836 -158.948 -0.814813 -0.490312 -0.309604 42.9741 -0 0 -0 1 
Seq_Frame0015_ProbeToTrackerTransformStatus = OK
Seq_Frame0015_ReferenceToTrackerTransform = 0.948127 -0.275131 0.160036 23.7753 0.201265 0.128979 -0.971073 -120.774 0.24661 0.9528 0.177623 81.2602 -0 0 -0 1 
Seq_Frame0015_ReferenceToTrackerTransformStatus = OK
Seq_Frame0015_StylusToTrackerTransform = 0.121295 -0.379866 -0.917105 361.987 0.990028 0.114725 0.083475 302.27 0.0735679 -0.917943 0.390011 466.465 -0 0 -0 1 
Seq_Frame0015_StylusToTrackerTransformStatus = OK
Seq_Frame0015_Timestamp = 659.265471
Seq_Frame0015_UnfilteredTimestamp = 659.265000
Seq_Frame0015_ImageStatus = OK
Seq_Frame0016_FrameNumber = 24766
Seq_Frame0016_ProbeToTrackerTransform = 0.460294 -0.871652 0.169054 11.8318 -0.352589 -0.00477165 0.935836 -158.837 -0.814813 -0.490312 -0.309604 42.9741 -0 0 -0 1 
Seq_Frame0016_ProbeToTrackerTransformStatus = OK
Seq_Frame0016_ReferenceToTrackerTransform = 0.948127 -0.275131 0.160036 23.7753 0.201265 0.128979 -0.971073 -120.774 0.24661 0.9528 0.177623 81.2602 -0 0 -0 1 
Seq_Frame0016_ReferenceToTrackerTransformStatus = OK
Seq_Frame0016_StylusToTrackerTransform = 0.121795 -0.380697 -0.916641 362.21 0.99004 0.114199 0.0841488 302.27 0.0726098 -0.917631 0.390805 466.13 -0 0 -0 1 
Seq_Frame0016_StylusToTrackerTransformStatus = OK
Seq_Frame0016_Timestamp = 659.287943
Seq_Frame0016_UnfilteredTimestamp = 659.290000
Seq_Frame0016_ImageStatus = OK
Seq_Frame0017_FrameNumber = 24767
Seq_Frame0017_ProbeToTrackerTransform = 0.460294 -0.871652 0.169054 11.8318 -0.352589 -0.00477165 0.935836 -158.725 -0.814813 -0.490312 -0.309604 42.9741 -0 0 -0 1 
Seq_Frame0017_ProbeToTrackerTransformStatus = OK
Seq_Frame0017_ReferenceToTrackerTransform = 0.948127 -0.275131 0.160036 23.7753 0.201265 0.128979 -0.971073 -120.774 0.24661 0.9528 0.177623 81.2602 -0 0 -0 1 
Seq_Frame0017_ReferenceToTrackerTransformStatus = OK
Seq_Frame0017_StylusToTrackerTransform = 0.123297 -0.382949 -0.915437 362.88 0.9899 0.113508 0.0858148 302.382 0.0710653 -0.916743 0.393136 465.572 -0 0 -0 1 
Seq_Frame0017_StylusToTrackerTransformStatus = OK
Seq_Frame0017_Timestamp = 659.310000
Seq_Frame0017_UnfilteredTimestamp = 659.310000
Seq_Frame0017_ImageStatus = OK
Seq_Frame0018_FrameNumber = 24768
Seq_Frame0018_ProbeToTrackerTransform = 0.460324 -0.871679 0.168951 11.8318 -0.35263 -0.00492723 0.935819 -158.725 -0.814778 -0.49026 -0.309655 42.9741 -0 0 -0 1 
Seq_Frame0018_ProbeToTrackerTransformStatus = OK
Seq_Frame0018_ReferenceToTrackerTransform = 0.948134 -0.275126 0.160003 23.7753 0.201262 0.128977 -0.971057 -120.774 0.246586 0.952785 0.177736 81.2602 -0 0 -0 1 
Seq_Frame0018_ReferenceToTrackerTransformStatus = OK
Seq_Frame0018_StylusToTrackerTransform = 0.124067 -0.383703 -0.915083 363.103 0.989834 0.113011 0.0868937 302.493 0.0701279 -0.916488 0.393911 465.237 -0 0 -0 1 
Seq_Frame0018_StylusToTrackerTransformStatus = OK
Seq_Frame0018_Timestamp = 659.331457
Seq_Frame0018_UnfilteredTimestamp = 659.330000
Seq_Frame0018_ImageStatus = OK
Seq_Frame0019_FrameNumber = 24769
Seq_Frame0019_ProbeToTrackerTransform = 0.460362 -0.871679 0.168851 11.8318 -0.352629 -0.00492723 0.935819 -158.614 -0.814757 -0.49026 -0.309711 42.9741 -0 0 -0 1 
Seq_Frame0019_ProbeToTrackerTransformStatus = OK
Seq_Frame0019_ReferenceToTrackerTransform = 0.948087 -0.275155 0.160109 23.7753 0.201399 0.129055 -0.970993 -120.774 0.246554 0.952767 0.177758 81.2602 -0 0 -0 1 
Seq_Frame0019_ReferenceToTrackerTransformStatus = OK
Seq_Frame0019_StylusToTrackerTransform = 0.123154 -0.382351 -0.915734 362.657 0.989965 0.112384 0.0862138 302.605 0.070001 -0.917156 0.392439 465.237 -0 0 -0 1 
Seq_Frame0019_StylusToTrackerTransformStatus = OK
Seq_Frame0019_Timestamp = 659.352214
Seq_Frame0019_UnfilteredTimestamp = 659.349000
Seq_Frame0019_ImageStatus = OK
Seq_Frame0020_FrameNumber = 24770
Seq_Frame0020_ProbeToTrackerTransform = 0.460365 -0.871647 0.168793 11.8318 -0.352572 -0.00506454 0.935886 -158.502 -0.814764 -0.490314 -0.309607 42.9741 -0 0 -0 1 
Seq_Frame0020_ProbeToTrackerTransformStatus = OK
Seq_Frame0020_ReferenceToTrackerTransform = 0.948116 -0.275044 0.160129 23.7753 0.201405 0.129078 -0.970989 -120.774 0.246562 0.952795 0.177764 81.2602 -0 0 -0 1 
Seq_Frame0020_ReferenceToTrackerTransformStatus = OK
Seq_Frame0020_StylusToTrackerTransform = 0.122161 -0.381771 -0.916077 362.322 0.990171 0.111378 0.0856306 302.828 0.0694231 -0.917476 0.391776 465.013 -0 0 -0 1 
Seq_Frame0020_StylusToTrackerTransformStatus = OK
Seq_Frame0020_Timestamp = 659.375329
Seq_Frame0020_UnfilteredTimestamp = 659.379000
Seq_Frame0020_ImageStatus = OK
Seq_Frame0021_FrameNumber = 24771
Seq_Frame0021_ProbeToTrackerTransform = 0.460365 -0.871647 0.168793 11.8318 -0.352572 -0.00506454 0.935886 -158.502 -0.814764 -0.490314 -0.309607 42.9741 -0 0 -0 1 
Seq_Frame0021_ProbeToTrackerTransformStatus = OK
Seq_Frame0021_ReferenceToTrackerTransform = 0.948116 -0.275044 0.160129 23.7753 0.201405 0.129078 -0.970989 -120.774 0.246562 0.952795 0.177764 81.2602 -0 0 -0 1 
Seq_Frame0021_ReferenceToTrackerTransformStatus = OK
Seq_Frame0021_StylusToTrackerTransform = 0.122485 -0.382762 -0.915702 362.545 0.990145 0.111278 0.086007 302.94 0.0689352 -0.917115 0.392652 464.902 -0 0 -0 1 
Seq_Frame0021_StylusToTrackerTransformStatus = OK
Seq_Frame0021_Timestamp = 659.397843
Seq_Frame0021_UnfilteredTimestamp = 659.399000
Seq_Frame0021_ImageStatus = OK
Seq_Frame0022_FrameNumber = 24772
Seq_Frame0022_ProbeToTrackerTransform = 0.460365 -0.871647 0.168793 11.8318 -0.352572 -0.00506454 0.935886 -158.502 -0.814764 -0.490314 -0.309607 42.9741 -0 0 -0 1 
Seq_Frame0022_ProbeToTrackerTransformStatus = OK
Seq_Frame0022_ReferenceToTrackerTransform = 0.948116 -0.275044 0.160129 23.7753 0.201405 0.129078 -0.970989 -120.774 0.246562 0.952795 0.177764 81.2602 -0 0 -0 1 
Seq_Frame0022_ReferenceToTrackerTransformStatus = OK
Seq_Frame0022_StylusToTrackerTransform = 0.122837 -0.383225 -0.915469 362.657 0.990067 0.111416 0.0861664 302.94 0.0689953 -0.916915 0.393189 464.902 -0 0 -0 1 
Seq_Frame0022_StylusToTrackerTransformStatus = OK
Seq_Frame0022_Timestamp = 659.419657
Seq_Frame0022_UnfilteredTimestamp = 659.418000
Seq_Frame0022_ImageStatus = OK
Seq_Frame0023_FrameNumber = 24773
Seq_Frame0023_ProbeToTrackerTransform = 0.460391 -0.871696 0.168802 11.8318 -0.352592 -0.00502703 0.935878 -158.39 -0.81481 -0.490227 -0.309624 42.9741 -0 0 -0 1 
Seq_Frame0023_ProbeToTrackerTransformStatus = OK
Seq_Frame0023_ReferenceToTrackerTransform = 0.948116 -0.275044 0.160129 23.7753 0.201405 0.129078 -0.970989 -120.774 0.246562 0.952795 0.177764 81.2602 -0 0 -0 1 
Seq_Frame0023_ReferenceToTrackerTransformStatus = OK
Seq_Frame0023_StylusToTrackerTransform = 0.122511 -0.382205 -0.915891 362.434 0.990154 0.111912 0.08578 302.94 0.0697722 -0.917263 0.392232 465.237 -0 0 -0 1 
Seq_Frame0023_StylusToTrackerTransformStatus = OK
Seq_Frame0023_Timestamp = 659.441057
Seq_Frame0023_UnfilteredTimestamp = 659.439000
Seq_Frame0023_ImageStatus = OK
Seq_Frame0024_FrameNumber = 24775
Seq_Frame0024_ProbeToTrackerTransform = 0.460408 -0.871686 0.168809 11.8318 -0.352499 -0.00497102 0.935914 -158.39 -0.81484 -0.490246 -0.309636 42.9741 -0 0 -0 1 
Seq_Frame0024_ProbeToTrackerTransformStatus = OK
Seq_Frame0024_ReferenceToTrackerTransform = 0.948114 -0.27503 0.160165 23.7753 0.201379 0.128967 -0.971025 -120.774 0.246591 0.952831 0.177655 81.2602 -0 0 -0 1 
Seq_Frame0024_ReferenceToTrackerTransformStatus = OK
Seq_Frame0024_StylusToTrackerTransform = 0.12191 -0.381405 -0.916376 362.099 0.990078 0.112268 0.0850322 302.828 0.0705033 -0.917619 0.391419 465.572 -0 0 -0 1 
Seq_Frame0024_StylusToTrackerTransformStatus = OK
Seq_Frame0024_Timestamp = 659.484357
Seq_Frame0024_UnfilteredTimestamp = 659.482000
Seq_Frame0024_ImageStatus = OK
Seq_Frame0025_FrameNumber = 24776
Seq_Frame0025_ProbeToTrackerTransform = 0.46037 -0.871687 0.168908 11.8318 -0.352499 -0.00497102 0.935914 -158.39 -0.814862 -0.490246 -0.30958 42.9741 -0 0 -0 1 
Seq_Frame0025_ProbeToTrackerTransformStatus = OK
Seq_Frame0025_ReferenceToTrackerTransform = 0.948114 -0.27503 0.160165 23.7753 0.201379 0.128967 -0.971025 -120.774 0.246591 0.952831 0.177655 81.2602 -0 0 -0 1 
Seq_Frame0025_ReferenceToTrackerTransformStatus = OK
Seq_Frame0025_StylusToTrackerTransform = 0.122238 -0.381961 -0.916109 362.21 0.990124 0.11254 0.0851513 302.828 0.0704579 -0.91738 0.391926 465.572 -0 0 -0 1 
Seq_Frame0025_StylusToTrackerTransformStatus = OK
Seq_Frame0025_Timestamp = 659.505129
Seq_Frame0025_UnfilteredTimestamp = 659.501000
Seq_Frame0025_ImageStatus = OK
Seq_Frame0026_FrameNumber = 24777
Seq_Frame0026_ProbeToTrackerTransform = 0.460352 -0.871686 0.168841 11.8318 -0.352439 -0.00479454 0.935984 -158.279 -0.814829 -0.490249 -0.309461 42.9741 -0 0 -0 1 
Seq_Frame0026_ProbeToTrackerTransformStatus = OK
Seq_Frame0026_ReferenceToTrackerTransform = 0.948114 -0.27503 0.160165 23.7753 0.201379 0.128967 -0.971025 -120.774 0.246591 0.952831 0.177655 81.2602 -0 0 -0 1 
Seq_Frame0026_ReferenceToTrackerTransformStatus = OK
Seq_Frame0026_StylusToTrackerTransform = 0.122356 -0.381378 -0.91633 362.21 0.990069 0.113445 0.0849519 302.605 0.071528 -0.917523 0.391422 466.018 -0 0 -0 1 
Seq_Frame0026_StylusToTrackerTransformStatus = OK
Seq_Frame0026_Timestamp = 659.525500
Seq_Frame0026_UnfilteredTimestamp = 659.522000
Seq_Frame0026_ImageStatus = OK
Seq_Frame0027_FrameNumber = 24778
Seq_Frame0027_ProbeToTrackerTransform = 0.460314 -0.871687 0.168941 11.8318 -0.352439 -0.00479454 0.935985 -158.279 -0.81485 -0.49025 -0.309405 42.9741 -0 0 -0 1 
Seq_Frame0027_ProbeToTrackerTransformStatus = OK
Seq_Frame0027_ReferenceToTrackerTransform = 0.948085 -0.27514 0.160145 23.7753 0.201373 0.128944 -0.97103 -120.774 0.246583 0.952802 0.177649 81.2602 -0 0 -0 1 
Seq_Frame0027_ReferenceToTrackerTransformStatus = OK
Seq_Frame0027_StylusToTrackerTransform = 0.122277 -0.380322 -0.916713 361.987 0.989984 0.113971 0.084666 302.493 0.0723106 -0.917859 0.39047 466.241 -0 0 -0 1 
Seq_Frame0027_StylusToTrackerTransformStatus = OK
Seq_Frame0027_Timestamp = 659.547457
Seq_Frame0027_UnfilteredTimestamp = 659.549000
Seq_Frame0027_ImageStatus = OK
Seq_Frame0028_FrameNumber = 24779
Seq_Frame0028_ProbeToTrackerTransform = 0.460294 -0.871687 0.168993 11.8318 -0.352424 -0.00479433 0.935944 -158.279 -0.814815 -0.490249 -0.309498 42.9741 -0 0 -0 1 
Seq_Frame0028_ProbeToTrackerTransformStatus = OK
Seq_Frame0028_ReferenceToTrackerTransform = 0.948109 -0.275125 0.160033 23.7753 0.201378 0.128947 -0.971054 -120.774 0.246589 0.952806 0.17762 81.2602 -0 0 -0 1 
Seq_Frame0028_ReferenceToTrackerTransformStatus = OK
Seq_Frame0028_StylusToTrackerTransform = 0.122545 -0.379979 -0.916801 361.987 0.989838 0.114525 0.0848464 302.158 0.072747 -0.917902 0.390157 466.241 -0 0 -0 1 
Seq_Frame0028_StylusToTrackerTransformStatus = OK
Seq_Frame0028_Timestamp = 659.569100
Seq_Frame0028_UnfilteredTimestamp = 659.570000
Seq_Frame0028_ImageStatus = OK
Seq_Frame0029_FrameNumber = 24780
Seq_Frame0029_ProbeToTrackerTransform = 0.460294 -0.871687 0.168993 11.8318 -0.352424 -0.00479433 0.935944 -158.279 -0.814815 -0.490249 -0.309498 42.9741 -0 0 -0 1 
Seq_Frame0029_ProbeToTrackerTransformStatus = OK
Seq_Frame0029_ReferenceToTrackerTransform = 0.948109 -0.275125 0.160033 23.7753 0.201378 0.128947 -0.971054 -120.774 0.246589 0.952806 0.17762 81.2602 -0 0 -0 1 
Seq_Frame0029_ReferenceToTrackerTransformStatus = OK
Seq_Frame0029_StylusToTrackerTransform = 0.123284 -0.380792 -0.91645 362.322 0.989795 0.114784 0.0854779 301.935 0.0726298 -0.917564 0.391 466.13 -0 0 -0 1 
Seq_Frame0029_StylusToTrackerTransformStatus = OK
Seq_Frame0029_Timestamp = 659.590043
Seq_Frame0029_UnfilteredTimestamp = 659.589000
Seq_Frame0029_ImageStatus = OK
Seq_Frame0030_FrameNumber = 24781
Seq_Frame0030_ProbeToTrackerTransform = 0.460294 -0.871687 0.168993 11.8318 -0.352424 -0.00479433 0.935944 -158.279 -0.814815 -0.490249 -0.309498 42.9741 -0 0 -0 1 
Seq_Frame0030_ProbeToTrackerTransformStatus = OK
Seq_Frame0030_ReferenceToTrackerTransform = 0.948109 -0.275125 0.160033 23.7753 0.201378 0.128947 -0.971054 -120.774 0.246589 0.952806 0.17762 81.2602 -0 0 -0 1 
Seq_Frame0030_ReferenceToTrackerTransformStatus = OK
Seq_Frame0030_StylusToTrackerTransform = 0.123504 -0.380999 -0.916323 362.434 0.989718 0.115007 0.085619 301.823 0.0727691 -0.917441 0.391284 466.13 -0 0 -0 1 
Seq_Frame0030_StylusToTrackerTransformStatus = OK
Seq_Frame0030_Timestamp = 659.610386
Seq_Frame0030_UnfilteredTimestamp = 659.609000
Seq_Frame0030_ImageStatus = OK
Seq_Frame0031_FrameNumber = 24782
Seq_Frame0031_ProbeToTrackerTransform = 0.460285 -0.871669 0.16899 11.8318 -0.352476 -0.00469474 0.935925 -158.279 -0.814798 -0.490282 -0.309492 42.9741 -0 0 -0 1 
Seq_Frame0031_ProbeToTrackerTransformStatus = OK
Seq_Frame0031_ReferenceToTrackerTransform = 0.948109 -0.275125 0.160033 23.7753 0.201378 0.128947 -0.971054 -120.774 0.246589 0.952806 0.17762 81.2602 -0 0 -0 1 
Seq_Frame0031_ReferenceToTrackerTransformStatus = OK
Seq_Frame0031_StylusToTrackerTransform = 0.123303 -0.380149 -0.916724 362.322 0.989798 0.115414 0.0852707 301.823 0.0734845 -0.917791 0.390494 466.241 -0 0 -0 1 
Seq_Frame0031_StylusToTrackerTransformStatus = OK
Seq_Frame0031_Timestamp = 659.633557
Seq_Frame0031_UnfilteredTimestamp = 659.640000
Seq_Frame0031_ImageStatus = OK
Seq_Frame0032_FrameNumber = 24783
Seq_Frame0032_ProbeToTrackerTransform = 0.460305 -0.871669 0.168937 11.8318 -0.352492 -0.00469494 0.935965 -158.279 -0.814833 -0.490283 -0.309399 42.9741 -0 0 -0 1 
Seq_Frame0032_ProbeToTrackerTransformStatus = OK
Seq_Frame0032_ReferenceToTrackerTransform = 0.948109 -0.275125 0.160033 23.7753 0.201378 0.128947 -0.971054 -120.774 0.246589 0.952806 0.17762 81.2602 -0 0 -0 1 
Seq_Frame0032_ReferenceToTrackerTransformStatus = OK
Seq_Frame0032_StylusToTrackerTransform = 0.121948 -0.378624 -0.917401 361.876 0.989843 0.114997 0.0842214 302.047 0.0736445 -0.918358 0.388945 466.353 -0 0 -0 1 
Seq_Frame0032_StylusToTrackerTransformStatus = OK
Seq_Frame0032_Timestamp = 659.656429
Seq_Frame0032_UnfilteredTimestamp = 659.661000
Seq_Frame0032_ImageStatus = OK
Seq_Frame0033_FrameNumber = 24784
Seq_Frame0033_ProbeToTrackerTransform = 0.460285 -0.871669 0.16899 11.8318 -0.352476 -0.00469474 0.935925 -158.279 -0.814798 -0.490282 -0.309492 42.9741 -0 0 -0 1 
Seq_Frame0033_ProbeToTrackerTransformStatus = OK
Seq_Frame0033_ReferenceToTrackerTransform = 0.948109 -0.275125 0.160033 23.7753 0.201378 0.128947 -0.971054 -120.774 0.246589 0.952806 0.17762 81.2602 -0 0 -0 1 
Seq_Frame0033_ReferenceToTrackerTransformStatus = OK
Seq_Frame0033_StylusToTrackerTransform = 0.121848 -0.37967 -0.917098 361.987 0.990065 0.113885 0.08437 302.27 0.0724282 -0.918164 0.389868 465.906 -0 0 -0 1 
Seq_Frame0033_StylusToTrackerTransformStatus = OK
Seq_Frame0033_Timestamp = 659.678614
Seq_Frame0033_UnfilteredTimestamp = 659.680000
Seq_Frame0033_ImageStatus = OK
Seq_Frame0034_FrameNumber = 24785
Seq_Frame0034_ProbeToTrackerTransform = 0.460285 -0.871669 0.16899 11.8318 -0.352476 -0.00469474 0.935925 -158.279 -0.814798 -0.490282 -0.309492 42.9741 -0 0 -0 1 
Seq_Frame0034_ProbeToTrackerTransformStatus = OK
Seq_Frame0034_ReferenceToTrackerTransform = 0.948127 -0.275131 0.160036 23.7753 0.201265 0.128979 -0.971073 -120.774 0.24661 0.9528 0.177623 81.2602 -0 0 -0 1 
Seq_Frame0034_ReferenceToTrackerTransformStatus = OK
Seq_Frame0034_StylusToTrackerTransform = 0.122017 -0.380385 -0.916738 362.21 0.989948 0.113695 0.0846437 302.382 0.0720186 -0.917913 0.390444 465.683 -0 0 -0 1 
Seq_Frame0034_StylusToTrackerTransformStatus = OK
Seq_Frame0034_Timestamp = 659.700214
Seq_Frame0034_UnfilteredTimestamp = 659.700000
Seq_Frame0034_ImageStatus = OK
Seq_Frame0035_FrameNumber = 24786
Seq_Frame0035_ProbeToTrackerTransform = 0.460247 -0.871669 0.16909 11.7202 -0.352477 -0.00469475 0.935926 -158.279 -0.814819 -0.490282 -0.309436 42.9741 -0 0 -0 1 
Seq_Frame0035_ProbeToTrackerTransformStatus = OK
Seq_Frame0035_ReferenceToTrackerTransform = 0.948127 -0.275131 0.160036 23.7753 0.201265 0.128979 -0.971073 -120.774 0.24661 0.9528 0.177623 81.2602 -0 0 -0 1 
Seq_Frame0035_ReferenceToTrackerTransformStatus = OK
Seq_Frame0035_StylusToTrackerTransform = 0.122099 -0.380519 -0.916743 362.21 0.98996 0.113593 0.0846839 302.493 0.0718382 -0.917835 0.390562 465.572 -0 0 -0 1 
Seq_Frame0035_StylusToTrackerTransformStatus = OK
Seq_Frame0035_Timestamp = 659.722186
Seq_Frame0035_UnfilteredTimestamp = 659.722000
Seq_Frame0035_ImageStatus = OK
Seq_Frame0036_FrameNumber = 24787
Seq_Frame0036_ProbeToTrackerTransform = 0.460238 -0.871651 0.169086 11.7202 -0.352529 -0.00459516 0.935906 -158.279 -0.814801 -0.490315 -0.30943 42.9741 -0 0 -0 1 
Seq_Frame0036_ProbeToTrackerTransformStatus = OK
Seq_Frame0036_ReferenceToTrackerTransform = 0.948127 -0.275131 0.160036 23.7753 0.201265 0.128979 -0.971073 -120.774 0.24661 0.9528 0.177623 81.2602 -0 0 -0 1 
Seq_Frame0036_ReferenceToTrackerTransformStatus = OK
Seq_Frame0036_StylusToTrackerTransform = 0.121265 -0.379171 -0.917282 361.876 0.990101 0.11352 0.0840257 302.605 0.072183 -0.918311 0.389214 465.683 -0 0 -0 1 
Seq_Frame0036_StylusToTrackerTransformStatus = OK
Seq_Frame0036_Timestamp = 659.743886
Seq_Frame0036_UnfilteredTimestamp = 659.743000
Seq_Frame0036_ImageStatus = OK
Seq_Frame0037_FrameNumber = 24788
Seq_Frame0037_ProbeToTrackerTransform = 0.460221 -0.871661 0.16908 11.7202 -0.352622 -0.00465117 0.935871 -158.279 -0.814771 -0.490297 -0.309418 42.9741 -0 0 -0 1 
Seq_Frame0037_ProbeToTrackerTransformStatus = OK
Seq_Frame0037_ReferenceToTrackerTransform = 0.948134 -0.275126 0.160003 23.7753 0.201262 0.128977 -0.971057 -120.774 0.246586 0.952785 0.177736 81.2602 -0 0 -0 1 
Seq_Frame0037_ReferenceToTrackerTransformStatus = OK
Seq_Frame0037_StylusToTrackerTransform = 0.120319 -0.378117 -0.917936 361.541 0.990224 0.11293 0.0833228 302.828 0.0721678 -0.918843 0.388048 465.795 -0 0 -0 1 
Seq_Frame0037_StylusToTrackerTransformStatus = OK
Seq_Frame0037_Timestamp = 659.764929
Seq_Frame0037_UnfilteredTimestamp = 659.762000
Seq_Frame0037_ImageStatus = OK
Seq_Frame0038_FrameNumber = 24789
Seq_Frame0038_ProbeToTrackerTransform = 0.460221 -0.871661 0.16908 11.7202 -0.352622 -0.00465117 0.935871 -158.279 -0.814771 -0.490297 -0.309418 42.9741 -0 0 -0 1 
Seq_Frame0038_ProbeToTrackerTransformStatus = OK
Seq_Frame0038_ReferenceToTrackerTransform = 0.948134 -0.275126 0.160003 23.7753 0.201262 0.128977 -0.971057 -120.774 0.246586 0.952785 0.177736 81.2602 -0 0 -0 1 
Seq_Frame0038_ReferenceToTrackerTransformStatus = OK
Seq_Frame0038_StylusToTrackerTransform = 0.120315 -0.378485 -0.917705 361.652 0.990283 0.112624 0.0834078 302.828 0.0717278 -0.918695 0.38847 465.795 -0 0 -0 1 
Seq_Frame0038_StylusToTrackerTransformStatus = OK
Seq_Frame0038_Timestamp = 659.785414
Seq_Frame0038_UnfilteredTimestamp = 659.782000
Seq_Frame0038_ImageStatus = OK
Seq_Frame0039_FrameNumber = 24791
Seq_Frame0039_ProbeToTrackerTransform = 0.460221 -0.871661 0.16908 11.7202 -0.352622 -0.00465117 0.935871 -158.279 -0.814771 -0.490297 -0.309418 42.9741 -0 0 -0 1 
Seq_Frame0039_ProbeToTrackerTransformStatus = OK
Seq_Frame0039_ReferenceToTrackerTransform = 0.948134 -0.275126 0.160003 23.7753 0.201262 0.128977 -0.971057 -120.774 0.246586 0.952785 0.177736 81.2602 -0 0 -0 1 
Seq_Frame0039_ReferenceToTrackerTransformStatus = OK
Seq_Frame0039_StylusToTrackerTransform = 0.120887 -0.378146 -0.917891 361.652 0.990108 0.11374 0.0836433 302.605 0.0728506 -0.918748 0.388199 466.13 -0 0 -0 1 
Seq_Frame0039_StylusToTrackerTransformStatus = OK
Seq_Frame0039_Timestamp = 659.829971
Seq_Frame0039_UnfilteredTimestamp = 659.830000
Seq_Frame0039_ImageStatus = OK
Seq_Frame0040_FrameNumber = 24792
Seq_Frame0040_ProbeToTrackerTransform = 0.460247 -0.871634 0.16915 11.8318 -0.352642 -0.00467208 0.935817 -158.39 -0.814817 -0.490345 -0.309542 42.9741 -0 0 -0 1 
Seq_Frame0040_ProbeToTrackerTransformStatus = OK
Seq_Frame0040_ReferenceToTrackerTransform = 0.948129 -0.275145 0.16 23.7753 0.201291 0.12909 -0.971036 -120.774 0.246581 0.952765 0.177732 81.2602 -0 0 -0 1 
Seq_Frame0040_ReferenceToTrackerTransformStatus = OK
Seq_Frame0040_StylusToTrackerTransform = 0.120434 -0.376733 -0.918415 361.317 0.990078 0.114325 0.0829727 302.382 0.0738276 -0.919244 0.386838 466.465 -0 0 -0 1 
Seq_Frame0040_StylusToTrackerTransformStatus = OK
Seq_Frame0040_Timestamp = 659.851300
Seq_Frame0040_UnfilteredTimestamp = 659.849000
Seq_Frame0040_ImageStatus = OK
Seq_Frame0041_FrameNumber = 24793
Seq_Frame0041_ProbeToTrackerTransform = 0.460294 -0.871652 0.169054 11.8318 -0.352589 -0.00477165 0.935836 -158.39 -0.814813 -0.490312 -0.309604 42.9741 -0 0 -0 1 
Seq_Frame0041_ProbeToTrackerTransformStatus = OK
Seq_Frame0041_ReferenceToTrackerTransform = 0.948129 -0.275145 0.16 23.7753 0.201291 0.12909 -0.971036 -120.774 0.246581 0.952765 0.177732 81.2602 -0 0 -0 1 
Seq_Frame0041_ReferenceToTrackerTransformStatus = OK
Seq_Frame0041_StylusToTrackerTransform = 0.12061 -0.376952 -0.918308 361.317 0.99003 0.114503 0.0830053 302.27 0.0738587 -0.919138 0.387105 466.353 -0 0 -0 1 
Seq_Frame0041_StylusToTrackerTransformStatus = OK
Seq_Frame0041_Timestamp = 659.872286
Seq_Frame0041_UnfilteredTimestamp = 659.869000
Seq_Frame0041_ImageStatus = OK
Seq_Frame0042_FrameNumber = 24794
Seq_Frame0042_ProbeToTrackerTransform = 0.460277 -0.871662 0.169047 11.8318 -0.352682 -0.00482766 0.935801 -158.502 -0.814782 -0.490293 -0.309593 42.9741 -0 0 -0 1 
Seq_Frame0042_ProbeToTrackerTransformStatus = OK
Seq_Frame0042_ReferenceToTrackerTransform = 0.948129 -0.275145 0.16 23.7753 0.201291 0.12909 -0.971036 -120.774 0.246581 0.952765 0.177732 81.2602 -0 0 -0 1 
Seq_Frame0042_ReferenceToTrackerTransformStatus = OK
Seq_Frame0042_StylusToTrackerTransform = 0.122011 -0.379075 -0.917299 361.876 0.989876 0.114823 0.0842743 301.935 0.0733303 -0.918317 0.389356 466.018 -0 0 -0 1 
Seq_Frame0042_StylusToTrackerTransformStatus = OK
Seq_Frame0042_Timestamp = 659.894343
Seq_Frame0042_UnfilteredTimestamp = 659.896000
Seq_Frame0042_ImageStatus = OK
Seq_Frame0043_FrameNumber = 24795
Seq_Frame0043_ProbeToTrackerTransform = 0.460294 -0.871652 0.169054 11.8318 -0.352589 -0.00477165 0.935836 -158.614 -0.814813 -0.490312 -0.309604 42.9741 -0 0 -0 1 
Seq_Frame0043_ProbeToTrackerTransformStatus = OK
Seq_Frame0043_ReferenceToTrackerTransform = 0.948129 -0.275145 0.16 23.7753 0.201291 0.12909 -0.971036 -120.774 0.246581 0.952765 0.177732 81.2602 -0 0 -0 1 
Seq_Frame0043_ReferenceToTrackerTransformStatus = OK
Seq_Frame0043_StylusToTrackerTransform = 0.123543 -0.379531 -0.916856 362.21 0.989652 0.115936 0.0854686 301.6 0.0739395 -0.917877 0.390028 466.13 -0 0 -0 1 
Seq_Frame0043_StylusToTrackerTransformStatus = OK
Seq_Frame0043_Timestamp = 659.916000
Seq_Frame0043_UnfilteredTimestamp = 659.916000
Seq_Frame0043_ImageStatus = OK
Seq_Frame0044_FrameNumber = 24796
Seq_Frame0044_ProbeToTrackerTransform = 0.460294 -0.871652 0.169054 11.8318 -0.352589 -0.00477165 0.935836 -158.725 -0.814813 -0.490312 -0.309604 42.9741 -0 0 -0 1 
Seq_Frame0044_ProbeToTrackerTransformStatus = OK
Seq_Frame0044_ReferenceToTrackerTransform = 0.948129 -0.275145 0.16 23.7753 0.201291 0.12909 -0.971036 -120.774 0.246581 0.952765 0.177732 81.2602 -0 0 -0 1 
Seq_Frame0044_ReferenceToTrackerTransformStatus = OK
Seq_Frame0044_StylusToTrackerTransform = 0.12375 -0.378758 -0.917191 362.21 0.989667 0.116375 0.0854912 301.489 0.0743298 -0.918153 0.389367 466.241 -0 0 -0 1 
Seq_Frame0044_StylusToTrackerTransformStatus = OK
Seq_Frame0044_Timestamp = 659.936886
Seq_Frame0044_UnfilteredTimestamp = 659.935000
Seq_Frame0044_ImageStatus = OK
Seq_Frame0045_FrameNumber = 24797
Seq_Frame0045_ProbeToTrackerTransform = 0.460268 -0.871679 0.168984 11.8318 -0.352569 -0.00475075 0.93589 -158.725 -0.814767 -0.490264 -0.30948 42.9741 -0 0 -0 1 
Seq_Frame0045_ProbeToTrackerTransformStatus = OK
Seq_Frame0045_ReferenceToTrackerTransform = 0.948111 -0.27514 0.159996 23.7753 0.201404 0.129058 -0.971017 -120.774 0.24656 0.952771 0.177729 81.2602 -0 0 -0 1 
Seq_Frame0045_ReferenceToTrackerTransformStatus = OK
Seq_Frame0045_StylusToTrackerTransform = 0.123791 -0.378424 -0.917352 362.21 0.989679 0.116234 0.0855858 301.489 0.0742222 -0.918353 0.389017 466.241 -0 0 -0 1 
Seq_Frame0045_StylusToTrackerTransformStatus = OK
Seq_Frame0045_Timestamp = 659.957386
Seq_Frame0045_UnfilteredTimestamp = 659.955000
Seq_Frame0045_ImageStatus = OK
Seq_Frame0046_FrameNumber = 24798
Seq_Frame0046_ProbeToTrackerTransform = 0.460268 -0.871679 0.168984 11.8318 -0.352569 -0.00475075 0.93589 -158.837 -0.814767 -0.490264 -0.30948 42.9741 -0 0 -0 1 
Seq_Frame0046_ProbeToTrackerTransformStatus = OK
Seq_Frame0046_ReferenceToTrackerTransform = 0.948111 -0.27514 0.159996 23.7753 0.201404 0.129058 -0.971017 -120.774 0.24656 0.952771 0.177729 81.2602 -0 0 -0 1 
Seq_Frame0046_ReferenceToTrackerTransformStatus = OK
Seq_Frame0046_StylusToTrackerTransform = 0.124667 -0.380251 -0.916492 362.657 0.989646 0.115543 0.086786 301.6 0.0728837 -0.917682 0.390711 465.906 -0 0 -0 1 
Seq_Frame0046_StylusToTrackerTransformStatus = OK
Seq_Frame0046_Timestamp = 659.979786
Seq_Frame0046_UnfilteredTimestamp = 659.984000
Seq_Frame0046_ImageStatus = OK
Seq_Frame0047_FrameNumber = 24799
Seq_Frame0047_ProbeToTrackerTransform = 0.460285 -0.871669 0.16899 11.8318 -0.352476 -0.00469474 0.935925 -158.948 -0.814798 -0.490282 -0.309492 42.9741 -0 0 -0 1 
Seq_Frame0047_ProbeToTrackerTransformStatus = OK
Seq_Frame0047_ReferenceToTrackerTransform = 0.948111 -0.27514 0.159996 23.7753 0.201404 0.129058 -0.971017 -120.774 0.24656 0.952771 0.177729 81.2602 -0 0 -0 1 
Seq_Frame0047_ReferenceToTrackerTransformStatus = OK
Seq_Frame0047_StylusToTrackerTransform = 0.125891 -0.382648 -0.915241 363.438 0.98953 0.115006 0.0881103 301.823 0.0715767 -0.916775 0.393166 465.46 -0 0 -0 1 
Seq_Frame0047_StylusToTrackerTransformStatus = OK
Seq_Frame0047_Timestamp = 660.001600
Seq_Frame0047_UnfilteredTimestamp = 660.003000
Seq_Frame0047_ImageStatus = OK
Seq_Frame0048_FrameNumber = 24800
Seq_Frame0048_ProbeToTrackerTransform = 0.460247 -0.871669 0.16909 11.8318 -0.352477 -0.00469475 0.935926 -159.06 -0.814819 -0.490282 -0.309436 42.9741 -0 0 -0 1 
Seq_Frame0048_ProbeToTrackerTransformStatus = OK
Seq_Frame0048_ReferenceToTrackerTransform = 0.948116 -0.275121 0.16 23.7753 0.201374 0.128945 -0.971038 -120.774 0.246566 0.952791 0.177733 81.2602 -0 0 -0 1 
Seq_Frame0048_ReferenceToTrackerTransformStatus = OK
Seq_Frame0048_StylusToTrackerTransform = 0.126318 -0.383051 -0.915003 363.662 0.989558 0.115192 0.0883943 301.935 0.0714759 -0.916486 0.393654 465.572 -0 0 -0 1 
Seq_Frame0048_StylusToTrackerTransformStatus = OK
Seq_Frame0048_Timestamp = 660.022843
Seq_Frame0048_UnfilteredTimestamp = 660.023000
Seq_Frame0048_ImageStatus = OK
Seq_Frame0049_FrameNumber = 24801
Seq_Frame0049_ProbeToTrackerTransform = 0.460247 -0.871669 0.16909 11.8318 -0.352477 -0.00469475 0.935926 -159.06 -0.814819 -0.490282 -0.309436 42.9741 -0 0 -0 1 
Seq_Frame0049_ProbeToTrackerTransformStatus = OK
Seq_Frame0049_ReferenceToTrackerTransform = 0.948116 -0.275121 0.16 23.7753 0.201374 0.128945 -0.971038 -120.774 0.246566 0.952791 0.177733 81.2602 -0 0 -0 1 
Seq_Frame0049_ReferenceToTrackerTransformStatus = OK
Seq_Frame0049_StylusToTrackerTransform = 0.125628 -0.382148 -0.91548 363.327 0.989565 0.115086 0.0878558 302.047 0.0717387 -0.916933 0.392641 465.683 -0 0 -0 1 
Seq_Frame0049_StylusToTrackerTransformStatus = OK
Seq_Frame0049_Timestamp = 660.043414
Seq_Frame0049_UnfilteredTimestamp = 660.042000
Seq_Frame0049_ImageStatus = OK
Seq_Frame0050_FrameNumber = 24802
Seq_Frame0050_ProbeToTrackerTransform = 0.460238 -0.871651 0.169086 11.8318 -0.352529 -0.00459516 0.935906 -159.172 -0.814801 -0.490315 -0.30943 42.9741 -0 0 -0 1 
Seq_Frame0050_ProbeToTrackerTransformStatus = OK
