ObjectType = Image
NDims = 3
AnatomicalOrientation = RAI
BinaryData = True
BinaryDataByteOrderMSB = False
CenterOfRotation = 0 0 0
CompressedData = True
CompressedDataSize = 3466024          
DimSize = 820 616 21              
Kinds = domain domain list
ElementSpacing = 1 1 1
ElementType = MET_UCHAR
Offset = 0 0 0
TransformMatrix = 1 0 0 0 1 0 0 0 1
UltrasoundImageOrientation = MFA
Seq_Frame0000_ProbeToTrackerTransform = 0.231245 0.951424 -0.203269 172.641 -0.127436 -0.17751 -0.975833 -98.0022 -0.964513 0.25156 0.0801977 -22.0262 0 0 0 1
Seq_Frame0000_ProbeToTrackerTransformStatus = OK
Seq_Frame0000_ReferenceToTrackerTransform = 0.949536 -0.208383 0.234431 264.096 -0.195717 -0.977686 -0.076326 93.8733 0.245105 0.0265923 -0.969132 3.0506 0 0 0 1
Seq_Frame0000_ReferenceToTrackerTransformStatus = OK
Seq_Frame0000_StylusToTrackerTransform = 0.00778153 0.858842 0.512181 143.88 -0.932268 0.19149 -0.306933 -83.9759 -0.361685 -0.475101 0.802161 -47.9971 0 0 0 1
Seq_Frame0000_StylusToTrackerTransformStatus = OK
Seq_Frame0000_Timestamp = 215.102186
Seq_Frame0000_ImageStatus = OK
Seq_Frame0001_ProbeToTrackerTransform = 0.230835 0.950858 -0.20636 173.166 -0.127887 -0.180598 -0.975207 -96.9437 -0.964552 0.251502 0.0799143 -21.864 0 0 0 1
Seq_Frame0001_ProbeToTrackerTransformStatus = OK
Seq_Frame0001_ReferenceToTrackerTransform = 0.949536 -0.208383 0.234431 264.096 -0.195717 -0.977686 -0.076326 93.985 0.245105 0.0265923 -0.969132 3.02753 0 0 0 1
Seq_Frame0001_ReferenceToTrackerTransformStatus = OK
Seq_Frame0001_StylusToTrackerTransform = 0.00793455 0.858896 0.512088 143.88 -0.932283 0.191558 -0.306844 -83.9391 -0.361642 -0.474977 0.802254 -47.9971 0 0 0 1
Seq_Frame0001_StylusToTrackerTransformStatus = OK
Seq_Frame0001_Timestamp = 215.190114
Seq_Frame0001_ImageStatus = OK
Seq_Frame0002_ProbeToTrackerTransform = 0.229815 0.950571 -0.208807 173.978 -0.12766 -0.183253 -0.974742 -95.7186 -0.964826 0.250666 0.0792352 -21.5627 0 0 0 1
Seq_Frame0002_ProbeToTrackerTransformStatus = OK
Seq_Frame0002_ReferenceToTrackerTransform = 0.949522 -0.20838 0.234489 264.187 -0.195712 -0.977687 -0.0763249 93.8733 0.245161 0.0265799 -0.969118 3.12539 0 0 0 1
Seq_Frame0002_ReferenceToTrackerTransformStatus = OK
Seq_Frame0002_StylusToTrackerTransform = 0.00802188 0.858945 0.512005 143.88 -0.932304 0.191571 -0.306774 -84.0507 -0.361588 -0.474884 0.802334 -47.9971 0 0 0 1
Seq_Frame0002_StylusToTrackerTransformStatus = OK
Seq_Frame0002_Timestamp = 215.276486
Seq_Frame0002_ImageStatus = OK
Seq_Frame0003_ProbeToTrackerTransform = 0.229438 0.950472 -0.209668 174.425 -0.126821 -0.184385 -0.974638 -94.5085 -0.965026 0.250209 0.0782352 -21.6545 0 0 0 1
Seq_Frame0003_ProbeToTrackerTransformStatus = OK
Seq_Frame0003_ReferenceToTrackerTransform = 0.949522 -0.20838 0.234489 264.207 -0.195712 -0.977687 -0.0763249 93.8733 0.245161 0.0265799 -0.969118 3.12539 0 0 0 1
Seq_Frame0003_ReferenceToTrackerTransformStatus = OK
Seq_Frame0003_StylusToTrackerTransform = 0.00815031 0.858824 0.512206 143.88 -0.932256 0.191806 -0.306771 -84.0507 -0.361706 -0.475007 0.802207 -47.9971 0 0 0 1
Seq_Frame0003_StylusToTrackerTransformStatus = OK
Seq_Frame0003_Timestamp = 215.365057
Seq_Frame0003_ImageStatus = OK
Seq_Frame0004_ProbeToTrackerTransform = 0.228204 0.950776 -0.209639 174.894 -0.125551 -0.184786 -0.974726 -93.252 -0.965484 0.248757 0.0772017 -21.5429 0 0 0 1
Seq_Frame0004_ProbeToTrackerTransformStatus = OK
Seq_Frame0004_ReferenceToTrackerTransform = 0.949558 -0.208276 0.234438 264.096 -0.19561 -0.977708 -0.0763128 93.985 0.245106 0.0266051 -0.969131 3.01377 0 0 0 1
Seq_Frame0004_ReferenceToTrackerTransformStatus = OK
Seq_Frame0004_StylusToTrackerTransform = 0.0085802 0.85872 0.512374 143.88 -0.932247 0.192219 -0.30654 -83.8436 -0.361719 -0.475029 0.802188 -47.9971 0 0 0 1
Seq_Frame0004_StylusToTrackerTransformStatus = OK
Seq_Frame0004_Timestamp = 215.452014
Seq_Frame0004_ImageStatus = OK
Seq_Frame0005_ProbeToTrackerTransform = 0.228538 0.950353 -0.211184 175.254 -0.126889 -0.185996 -0.974323 -92.5156 -0.96523 0.249467 0.0780825 -21.3105 0 0 0 1
Seq_Frame0005_ProbeToTrackerTransformStatus = OK
Seq_Frame0005_ReferenceToTrackerTransform = 0.949522 -0.20838 0.234489 264.096 -0.195712 -0.977687 -0.0763249 93.985 0.245161 0.0265799 -0.969118 3.12539 0 0 0 1
Seq_Frame0005_ReferenceToTrackerTransformStatus = OK
Seq_Frame0005_StylusToTrackerTransform = 0.00865884 0.858807 0.512226 143.88 -0.932298 0.192162 -0.306422 -83.9391 -0.361588 -0.474894 0.802328 -47.9971 0 0 0 1
Seq_Frame0005_StylusToTrackerTransformStatus = OK
Seq_Frame0005_Timestamp = 215.538429
Seq_Frame0005_ImageStatus = OK
Seq_Frame0006_ProbeToTrackerTransform = 0.227851 0.950517 -0.211191 175.803 -0.126375 -0.186193 -0.974352 -91.1252 -0.96546 0.248696 0.0776974 -21.3196 0 0 0 1
Seq_Frame0006_ProbeToTrackerTransformStatus = OK
Seq_Frame0006_ReferenceToTrackerTransform = 0.949501 -0.208483 0.234482 264.207 -0.195816 -0.977665 -0.0763351 93.8733 0.245159 0.026565 -0.969119 3.12539 0 0 0 1
Seq_Frame0006_ReferenceToTrackerTransformStatus = OK
Seq_Frame0006_StylusToTrackerTransform = 0.00882121 0.858859 0.512136 143.991 -0.932383 0.192146 -0.306172 -84.0507 -0.361364 -0.474806 0.802481 -47.9971 0 0 0 1
Seq_Frame0006_StylusToTrackerTransformStatus = OK
Seq_Frame0006_Timestamp = 215.626129
Seq_Frame0006_ImageStatus = OK
Seq_Frame0007_ProbeToTrackerTransform = 0.227741 0.950416 -0.211763 176.058 -0.126707 -0.186703 -0.974211 -89.8424 -0.965443 0.2487 0.0779039 -21.3196 0 0 0 1
Seq_Frame0007_ProbeToTrackerTransformStatus = OK
Seq_Frame0007_ReferenceToTrackerTransform = 0.949541 -0.208383 0.234412 264.207 -0.195713 -0.977685 -0.0763389 93.985 0.245089 0.0266093 -0.969135 3.01377 0 0 0 1
Seq_Frame0007_ReferenceToTrackerTransformStatus = OK
Seq_Frame0007_StylusToTrackerTransform = 0.00889365 0.858798 0.512237 143.991 -0.932369 0.192258 -0.306145 -83.9391 -0.361399 -0.474871 0.802426 -47.9971 0 0 0 1
Seq_Frame0007_StylusToTrackerTransformStatus = OK
Seq_Frame0007_Timestamp = 215.712614
Seq_Frame0007_ImageStatus = OK
Seq_Frame0008_ProbeToTrackerTransform = 0.228674 0.950071 -0.212305 176.248 -0.12777 -0.186906 -0.974033 -88.6308 -0.965082 0.249863 0.0786499 -21.0982 0 0 0 1
Seq_Frame0008_ProbeToTrackerTransformStatus = OK
Seq_Frame0008_ReferenceToTrackerTransform = 0.949539 -0.208383 0.234418 264.207 -0.195702 -0.977684 -0.0763837 93.985 0.245104 0.0266533 -0.96913 3.01377 0 0 0 1
Seq_Frame0008_ReferenceToTrackerTransformStatus = OK
Seq_Frame0008_StylusToTrackerTransform = 0.00891932 0.858837 0.512171 143.991 -0.932457 0.19214 -0.305952 -83.9391 -0.361171 -0.474849 0.802542 -47.9971 0 0 0 1
Seq_Frame0008_StylusToTrackerTransformStatus = OK
Seq_Frame0008_Timestamp = 215.799300
Seq_Frame0008_ImageStatus = OK
Seq_Frame0009_ProbeToTrackerTransform = 0.230165 0.949956 -0.211207 176.473 -0.127119 -0.185826 -0.974325 -86.8511 -0.964813 0.251104 0.077987 -20.8731 0 0 0 1
Seq_Frame0009_ProbeToTrackerTransformStatus = OK
Seq_Frame0009_ReferenceToTrackerTransform = 0.949526 -0.20838 0.234476 264.096 -0.195698 -0.977685 -0.0763828 93.985 0.245161 0.0266409 -0.969116 3.12539 0 0 0 1
Seq_Frame0009_ReferenceToTrackerTransformStatus = OK
Seq_Frame0009_StylusToTrackerTransform = 0.00911056 0.858984 0.511921 143.88 -0.932548 0.192082 -0.305709 -83.9391 -0.36093 -0.474606 0.802794 -47.8854 0 0 0 1
Seq_Frame0009_StylusToTrackerTransformStatus = OK
Seq_Frame0009_Timestamp = 215.886729
Seq_Frame0009_ImageStatus = OK
Seq_Frame0010_ProbeToTrackerTransform = 0.231295 0.949674 -0.211237 176.808 -0.125311 -0.186235 -0.974481 -84.9811 -0.96478 0.251863 0.0759292 -21.0964 0 0 0 1
Seq_Frame0010_ProbeToTrackerTransformStatus = OK
Seq_Frame0010_ReferenceToTrackerTransform = 0.949526 -0.20838 0.234476 264.096 -0.195698 -0.977685 -0.0763828 93.985 0.245161 0.0266409 -0.969116 3.12539 0 0 0 1
Seq_Frame0010_ReferenceToTrackerTransformStatus = OK
Seq_Frame0010_StylusToTrackerTransform = 0.00900787 0.858921 0.51203 143.768 -0.932539 0.192052 -0.305758 -83.9391 -0.360958 -0.474733 0.802706 -47.9474 0 0 0 1
Seq_Frame0010_StylusToTrackerTransformStatus = OK
Seq_Frame0010_Timestamp = 215.973486
Seq_Frame0010_ImageStatus = OK
Seq_Frame0011_ProbeToTrackerTransform = 0.231929 0.949087 -0.213172 177.223 -0.123262 -0.188706 -0.974267 -83.2319 -0.964891 0.252236 0.0732204 -21.0157 0 0 0 1
Seq_Frame0011_ProbeToTrackerTransformStatus = OK
Seq_Frame0011_ReferenceToTrackerTransform = 0.949539 -0.208383 0.234419 264.096 -0.195702 -0.977684 -0.0763839 93.985 0.245105 0.0266533 -0.96913 3.01377 0 0 0 1
Seq_Frame0011_ReferenceToTrackerTransformStatus = OK
Seq_Frame0011_StylusToTrackerTransform = 0.00920777 0.85878 0.512262 143.88 -0.932465 0.19239 -0.305771 -83.9391 -0.361144 -0.474851 0.802553 -47.9971 0 0 0 1
Seq_Frame0011_StylusToTrackerTransformStatus = OK
Seq_Frame0011_Timestamp = 216.076186
Seq_Frame0011_ImageStatus = OK
Seq_Frame0012_ProbeToTrackerTransform = 0.234343 0.947751 -0.216453 177.143 -0.121838 -0.192265 -0.97375 -80.4035 -0.964489 0.254564 0.0704165 -20.8543 0 0 0 1
Seq_Frame0012_ProbeToTrackerTransformStatus = OK
Seq_Frame0012_ReferenceToTrackerTransform = 0.949522 -0.20838 0.234489 264.096 -0.195712 -0.977687 -0.0763249 93.985 0.245161 0.0265799 -0.969118 3.12539 0 0 0 1
Seq_Frame0012_ReferenceToTrackerTransformStatus = OK
Seq_Frame0012_StylusToTrackerTransform = 0.00943651 0.858743 0.51232 143.88 -0.932448 0.192613 -0.305681 -83.9391 -0.361181 -0.474827 0.802551 -47.9971 0 0 0 1
Seq_Frame0012_StylusToTrackerTransformStatus = OK
Seq_Frame0012_Timestamp = 216.178400
Seq_Frame0012_ImageStatus = OK
Seq_Frame0013_ProbeToTrackerTransform = 0.235313 0.947053 -0.218447 177.254 -0.119813 -0.194778 -0.973502 -78.4416 -0.964506 0.25525 0.0676353 -20.7615 0 0 0 1
Seq_Frame0013_ProbeToTrackerTransformStatus = OK
Seq_Frame0013_ReferenceToTrackerTransform = 0.949508 -0.208382 0.234545 264.096 -0.195709 -0.977686 -0.0763365 93.985 0.245219 0.0265795 -0.969103 3.12539 0 0 0 1
Seq_Frame0013_ReferenceToTrackerTransformStatus = OK
Seq_Frame0013_StylusToTrackerTransform = 0.00968631 0.858798 0.512223 143.88 -0.93255 0.192642 -0.305351 -83.9391 -0.36091 -0.474716 0.802738 -47.9971 0 0 0 1
Seq_Frame0013_StylusToTrackerTransformStatus = OK
Seq_Frame0013_Timestamp = 216.279729
Seq_Frame0013_ImageStatus = OK
Seq_Frame0014_ProbeToTrackerTransform = 0.236229 0.946088 -0.221618 177.478 -0.119263 -0.198119 -0.972895 -75.997 -0.964351 0.256257 0.0660317 -20.8731 0 0 0 1
Seq_Frame0014_ProbeToTrackerTransformStatus = OK
Seq_Frame0014_ReferenceToTrackerTransform = 0.949522 -0.20838 0.234489 264.096 -0.195712 -0.977687 -0.0763249 93.985 0.245161 0.0265799 -0.969118 3.12539 0 0 0 1
Seq_Frame0014_ReferenceToTrackerTransformStatus = OK
Seq_Frame0014_StylusToTrackerTransform = 0.0100652 0.858924 0.512005 143.88 -0.932605 0.192792 -0.305088 -83.9391 -0.360757 -0.474427 0.802977 -47.9971 0 0 0 1
Seq_Frame0014_StylusToTrackerTransformStatus = OK
Seq_Frame0014_Timestamp = 216.378400
Seq_Frame0014_ImageStatus = OK
Seq_Frame0015_ProbeToTrackerTransform = 0.237003 0.945279 -0.224224 177.589 -0.120331 -0.20046 -0.972284 -73.7752 -0.964028 0.257416 0.066237 -20.6204 0 0 0 1
Seq_Frame0015_ProbeToTrackerTransformStatus = OK
Seq_Frame0015_ReferenceToTrackerTransform = 0.949522 -0.20838 0.234489 264.096 -0.195712 -0.977687 -0.0763249 93.985 0.245161 0.0265799 -0.969118 3.01377 0 0 0 1
Seq_Frame0015_ReferenceToTrackerTransformStatus = OK
Seq_Frame0015_StylusToTrackerTransform = 0.0102684 0.858947 0.511962 143.88 -0.932663 0.192861 -0.304868 -84.0507 -0.360603 -0.474357 0.803088 -47.9971 0 0 0 1
Seq_Frame0015_StylusToTrackerTransformStatus = OK
Seq_Frame0015_Timestamp = 216.477043
Seq_Frame0015_ImageStatus = OK
Seq_Frame0016_ProbeToTrackerTransform = 0.237624 0.944832 -0.22545 177.785 -0.121035 -0.201489 -0.971984 -71.8552 -0.963787 0.258254 0.0664787 -20.5383 0 0 0 1
Seq_Frame0016_ProbeToTrackerTransformStatus = OK
Seq_Frame0016_ReferenceToTrackerTransform = 0.949508 -0.208382 0.234545 264.096 -0.195709 -0.977686 -0.0763365 93.985 0.245219 0.0265795 -0.969103 3.12539 0 0 0 1
Seq_Frame0016_ReferenceToTrackerTransformStatus = OK
Seq_Frame0016_StylusToTrackerTransform = 0.0105441 0.858969 0.511919 143.88 -0.932683 0.193037 -0.304694 -83.9391 -0.360542 -0.474245 0.803182 -47.9971 0 0 0 1
Seq_Frame0016_StylusToTrackerTransformStatus = OK
Seq_Frame0016_Timestamp = 216.573829
Seq_Frame0016_ImageStatus = OK
Seq_Frame0017_ProbeToTrackerTransform = 0.237127 0.9449 -0.225687 178.004 -0.119835 -0.202089 -0.972008 -70.3039 -0.964059 0.257535 0.0653117 -20.5383 0 0 0 1
Seq_Frame0017_ProbeToTrackerTransformStatus = OK
Seq_Frame0017_ReferenceToTrackerTransform = 0.949508 -0.208382 0.234545 264.096 -0.195709 -0.977686 -0.0763365 93.985 0.245219 0.0265795 -0.969103 3.12539 0 0 0 1
Seq_Frame0017_ReferenceToTrackerTransformStatus = OK
Seq_Frame0017_StylusToTrackerTransform = 0.0107193 0.858941 0.511963 143.88 -0.932717 0.193147 -0.304522 -84.0507 -0.360451 -0.474252 0.803219 -47.9971 0 0 0 1
Seq_Frame0017_StylusToTrackerTransformStatus = OK
Seq_Frame0017_Timestamp = 216.668671
Seq_Frame0017_ImageStatus = OK
Seq_Frame0018_ProbeToTrackerTransform = 0.237691 0.944151 -0.228216 178.371 -0.120121 -0.204575 -0.971453 -68.4171 -0.963885 0.258319 0.064787 -20.4267 0 0 0 1
Seq_Frame0018_ProbeToTrackerTransformStatus = OK
Seq_Frame0018_ReferenceToTrackerTransform = 0.949516 -0.208381 0.234512 264.096 -0.195711 -0.977687 -0.0763298 93.985 0.245185 0.0265798 -0.969112 3.01377 0 0 0 1
Seq_Frame0018_ReferenceToTrackerTransformStatus = OK
Seq_Frame0018_StylusToTrackerTransform = 0.0109292 0.85904 0.511792 143.88 -0.932756 0.193201 -0.304367 -84.0507 -0.360342 -0.474051 0.803386 -47.9971 0 0 0 1
Seq_Frame0018_StylusToTrackerTransformStatus = OK
Seq_Frame0018_Timestamp = 216.763329
Seq_Frame0018_ImageStatus = OK
Seq_Frame0019_ProbeToTrackerTransform = 0.238475 0.94343 -0.230367 178.647 -0.119432 -0.20692 -0.971041 -66.7577 -0.963777 0.259082 0.0633306 -20.4267 0 0 0 1
Seq_Frame0019_ProbeToTrackerTransformStatus = OK
Seq_Frame0019_ReferenceToTrackerTransform = 0.949522 -0.20838 0.234489 264.096 -0.195712 -0.977687 -0.0763249 93.985 0.245161 0.0265799 -0.969118 3.01377 0 0 0 1
Seq_Frame0019_ReferenceToTrackerTransformStatus = OK
Seq_Frame0019_StylusToTrackerTransform = 0.0112454 0.858962 0.511916 143.88 -0.932681 0.193593 -0.304349 -84.0507 -0.360528 -0.474031 0.803314 -47.9971 0 0 0 1
Seq_Frame0019_StylusToTrackerTransformStatus = OK
Seq_Frame0019_Timestamp = 216.855957
Seq_Frame0019_ImageStatus = OK
Seq_Frame0020_ProbeToTrackerTransform = 0.238697 0.94307 -0.231609 178.871 -0.117659 -0.20866 -0.970885 -65.364 -0.96394 0.258998 0.0611545 -20.315 0 0 0 1
Seq_Frame0020_ProbeToTrackerTransformStatus = OK
Seq_Frame0020_ReferenceToTrackerTransform = 0.949505 -0.208387 0.234552 264.096 -0.195715 -0.977685 -0.0763379 93.9311 0.245225 0.026578 -0.969102 3.12539 0 0 0 1
Seq_Frame0020_ReferenceToTrackerTransformStatus = OK
Seq_Frame0020_StylusToTrackerTransform = 0.0112357 0.85908 0.511719 143.88 -0.932693 0.1935 -0.304372 -84.0507 -0.360497 -0.473856 0.803431 -47.9971 0 0 0 1
Seq_Frame0020_StylusToTrackerTransformStatus = OK
Seq_Frame0020_Timestamp = 216.947186
Seq_Frame0020_ImageStatus = OK
ElementDataFile = LOCAL
xg\Wv%:)͓"$!HjMdI @Ox[@y޻>M}nI1"uHPYY73:{or]u.\r]u.\r]u.\r]u.\r]u.+Sg/Jn:~gbvĻ=_]Ί)y,ˊ((<].E<63<llIGl\/{I|2K,I?ŬH.a>Ýf<Ɋ,-8^.[fI>OU4
o%<lK-/)ް,/byjl׹\p9~G^|OK|1EgIbv6-E/NA'\tv麟$g.YRKȃo1ͳХ6/x^
=/?l43[V?9b1mb.y WK)919Xbf,<KqehGivPۖ<3 _ Ej	AWcp py'&OO 0X,N Ty$9Pg)DYy&ilqj眯^<͂,,pOOkm9(AC^,sdgF #=OT~Ǉۣ(N"=׶Sڏ.x^ut6)rv]}3m>?%>"_`s89VOc Br=]4uO*Ⱥ)
`D)ږF)*%FcHi>:(4f@p9J Ġ_s1fS"ѱp4p8i$FVV7UNY:!<F%LqNKM|(9A.q[GI8NA_"̓-*9.~yF"g/x^EPaǾ3˕zN
'>]vVdqqp(M)h4j]u0}FcfYvQMU1Te$deݵM2M'L00K'xG  E 9rR/bEnʲSG6d425h'1 o!Ҭ
lnFxA$P@9 3Z~uyW8^ëhgv)/lW9fdyauʲiʸZiQčE9 ݾhyIYg7ygH91CyRnco
GM{Fשט'[j'<?E5I9fX(G[nꞩB1K (n\\
$DdYistu,+,0MPf M݃va	q=@t2IwWcu;zǨ3+sHobLXZQ;O̓ք1d.]
Я1{3Yg9%<?`nS|aM<<tn4jGSx^VCQ^aYmqo<+jn"S5]ϏbO0cfK:}׏9EhK̄mKaVq"WҚu;,M)rD$|KW c_І狣8$0qe3^@9@=S'1g^b^[:]o!]@
ze)87`YD׫Q{4UBTxIËEKP~R:w^`AiptT?tQȖQFw34='DccPɈʷTYTM/F	$t-Md)g^ W956N/fE$J pf6_L-n*t[j꒤($(=G"N :Q3>'R=$8 TۧT2݂ hJ#[,5T4"~!ZTd,K-Y6QN[W}9nJ36t!X(
ƎWe]#igep3gr^yd-uӍz]mO}88;{47>\qyዢQa#h a|Wv(XVm;kJ"Iec	j.J"`(Y2MuSDÔ \#=Ml`S@ p३ꚠpAC9%G`i׺$JvQ?y$٦+{]ǈ7xh2V6ְ\ 8FC`wo[l) v%]@ퟝ'j2킬{q=̬Pv:Y9|@?|A'g	Bp0ߣ{%[I;5$) l}ec~8q≂**i1OV$	"L,tR@#i
۟Ț2
QfYꆛb,5Z4ZLD}'nD͔ʣ̄<cpriJ9yfH<ūDV9s)
i'{U6mtzYjL}킯q6"&5ITm\8%97ɣ]dHhb@R,$Ĺ`zs	i6cˌ+x(N$V=jc$l],X3=\#AVF@@͒ЇGˢ8ƮY#i8Vau|x5-?mYNM00E
~Ŵ%Z`.`VH"Pe'
dތd ``i)Ҥzpp2xJUmy^djZ*Gĉ QDAUZ;wno9ݍ|KV4psq4`<haX%RH3.x^ҥfsڄ2T6EFg=sT	i BFcC2<BdbqT0(PG]ɏwtM cF:Ř9"ߵ<'$㍹9_`|t#t8Ȗc1h-KahɲA3m;Gcn{nu|NԊxY&	&L"1x	Oyx aY3Ж#嵝,O<EotQE榱Q$Nv7ꅮK4=8Zk|p8R-uTQYٔ.x^qb؍CG}'-Rl;}]mND/@V20蓾9/&mZ=Iq<SMSh5e\8yhX@AȲC Ȣ,3x %882Q8pƘBS#\T{ 406p4%#z6x`G^be: E+J]Ľ! ŕ0%Zyf2vz{z{sw6=;m_ {G{FgPDՑYZv=p]T#ANu-dxɆ#EK&nhO'BۢD&.LgxW߂Sr>MEn(~34/(ץe~n	Q`H|丧`mR,=]0
ɌEN2J*ԀMqV'1kSv}%w#&rK6f ص"B^bd1/뮩a/WzX^QXQOw`Bjs\=f\UQo궣+F'[m^F	uZHfR]Cv[p8.x^ŎFMqT=̓!Sqld,bGmC<Lʔ	9+Q4y/B?Xp!Y IoN {j;j7v[#!yppk)/Ίx~|ia~ZHۂN	ebzbx"8MĳѓIC0)>C6xZ	2`JuZ]ZLjif{<u3Qn0=ؼ)<ի>cǱM3,i}xd7-6tq{r\mGXlb9Q.&5Z8sXF[S2 Jb yxЇvġ;L vdf@%I^'ۇސ6P1(>ޘ7l8:; ):?pg'r.%G#]#JJjsku}_G|@s,2['
V]3J|e1u4Uԛ4OjvRil+	zϵu05qT577q#osޣ]<SHy`eR.1sAkЫn߿p~K05S<OQ?aIٗ`D`U1@X2,14 T%U-p3n1Fmfa)J:hsIýgH MǨw<uR
$$~{$EjǇ`ٳ٠N|ݰLCWT3HXhl$iqb#0!gXgk*GO#}Rlypdܠ')ǟ<ikXٮ2f: l2E+l6{\-; tw<{t齧f5bu/NFHS&0LGo@-Uי
v^񼤫9\{SitSVTdQC`]hPB2M2nٶ<I@b4 =F@X",!<a(2wZؒXb!mx	JI\wx&hH섑UCtnENݝ:e‖ȳRmRtIbOw<4B")(4*/|}>aFt=7F;=ZokNC6#'~֨>Qc2?;	q:b|HQ SW5_RTPl]BbQjVٲh-l9VcUVN`$EX Ad8qn!;ϒ,K<#Zo8`cΣv0 5]Pymta|r4PI#`2OdvC:Ű s8WkG@Am76
W]Jx2ap ? c7%Q"3`ԎSP[7om>ڪuRaSr}vBx3]Vdj3QUTUQImok9LQƭ@4A0,t^l<%f^*|s_kA/bvq!y(qv6dء)酁;	I'>ۦ)5)d7}0`:
PPG>`}:l-=8O}HˢJ)kf"G]J(%a@Gҷ3S2`'bҍ^gteZh|,̰2-@OW $esLI΁2V%YV2^`ޮS@'.SzHmX=o
%QyFTYGz_a`( 3<KF	^؎!IEK	fR4Uz$r'S4:~y*/x1(AY .Ho{ n%@{t3DC{4
Qս&7(0TA6my2	'ַ&ȭ24 k$<$We&޴C]F]UAR@#mQA^5|QY.W0Ol{K%:M:ߟ*JQmԭi:궦.kn>ګvF0'Cz*8 `? IPUk&ɏTv| U+}Jƽ>͋Y3筙e&:+N`f |eLo%Yˌt*!͋,U|c;v4g=,_5)p7}K5IbTi89Xҭvmj/dlkWȅij:[.w)}?LK#t<V!,#7!f n|tR?6s7i>ElZF-CMIN+s{>l{:Na1U$p.Wf=s]̔u0b ~K}C];̜]at.{=uV'yZ&L1"BmtsD	>,JWL}$
j	;2ϖgϟ/@Db=E\T44u$6XnG0=W:bRcS\?-+<pcezhgwǡ+0(J"6D|IeV8cNi4 Bck>nc@=}Z?`@}VJ1^{[[OotX@6$Y"dT~-mj"]l5p'9Alàyt	D'ͳ<B 1d1ܳ|G28cΰwdzha#&WtW8,v*'C^ӄ)6Yng@Wm)V{x%j 8Ku:PʰKyrI +q霌(VWE)2[Ę<#Q&}44'o>lь s/g&,5eɘZǵ~G#R3=Г=Ū3 I.H3"TEUO]{I8v!0,	S¢fiIeQ`sDrDF1CmFS< j?6D}kPPG,صq|iEL}f%ݟaiv5yjʙz[) }R𔍏-n>MP:KF/eOmV9Bdx)r)/e2ǡBaFzӃCJ14wڵ!ϱ/en\ZjxПJkk+j*\]Ɖp@VCLu1V(Kެl76pthyIdg\IgedNH{iw!'Ǟ!{VÒ汃4BA@ǫNڊ[x";Iˌ-p匧1@UTMCQp22,9%YV}\Hgq}̐iR;&'~9iA&:kLW9^b[?l'I̜LEeEEq24|4}ѐd2LU9eʴ]b؛ǲu vi9cq {&"2u[\,u6¢sD$؎f<0(g866ٜ+t=$(C'Gde)Q_SW-Ad<q-SY޴M]U64|/3ls&{G8+w1PBL5?-	Ex|U'~0+1_ϖ% 6I)NQdN0aĦ/&bH<ŶNTDSkd Y*`>J٨	HzYˌ"͓6tuI3!"gkkK>HaJ?bCs ҭ,'.:)"-Ϩg+9`iC`2Rq:;=<
5O{}WDAzJ1i#\fb7=9g:Xvb3f+^!Mvdg̜<\̢-|0].GI:bJṕYtgl-dyq2'pbh{:)$rMjVF`_XGj:G{{Y|1QzypatېUC&~YXn)P0_>	b2F,ZVAo6x6/a=]w'نzG-Ⱥ[6I81"8=f-g0sM9{IbrTae$jb g]nr1V_<@tZ[4SL!xDla9I3ӴrUS<VUƭ^I"K"idcQ{m%[m</骜n?͉Eui]%y`	ϊķM'*fY#`=b!"7j+3Gm<"`ʺþ
< "&Nc$IT dTk$2%>feCNS`)Q <t.K,ww_l	yLYӁj1Ek^:RfdN" ^5nݵo>>ez

GÑ`FX̗n#Gi	TkQ=K"EKڽveGǝހuE7M'!g"4`O"~oЏ,[uL3ϖghh@L36dGG,L3TPcޏzcxX:5 1q2^2aR>pQ:E A<>jyh91.:9\!%8ǺfFd3?؂Ɖ'R͛mnT̰;LCzOnD<颃G*ϘкM='X oqEY`nh^xoAmRG25!bc7ă%IOs3&Zyyт/5J/MSd+S{cԫY`*/yn[ǾMӭv 0u/LA*WE.qf)+5͹ڂgr
_\!\I:	E;12:^B[A؃;&ጜY$8ÏEf5'YAeJ_۶]=ˆƈV+0/գxë   &./f'(	T`Ǎ	cr"lj'ٓ4ư+Nd|5?LK|.byBǕcs349N":m/ׁot'̯s2IJSOh5.ϜO3h|eǵLwIH#..d"Ib늦p4oS+1{1ttR0ѥq1XD(3g.lK~"?O+Mm</zvС^=lo+"8 |0,{Z[v2Dvcp0F@dQ8]E0LH;sL}x:P1.ϲaOO&I)<82xؑ,\9%f^Kr
f/f~8'mUzg1KA8uߩÍ$u#$TB{QA&橫HuvS<-"9A50NǶ@arg6s󒮷orlSe׶}Zud´<f<ɈTc"VLX*K;OB6FL\4%:{(z|=S5U6,^C0UVt}s$2̜!fN_p3Ȟl'_IY1_E:N#wy{ n*1m`&4~(pGk='ĞJMxݞU8Vi=aY^t.x^OuY0MN>vJ1*,'K=1w4*9QZ%υ'qie`JK̐PTht<aAP)̠?X7Ym6Zc_?9vjjR}l8w!!bާéV:oX,p.ʝpU*L't;S1q9=)P<%Ïcx'b"u^ҠIo(0%I4-"bpomY9H=_|z l{W}Q"i.P3'k'qRb{a>aÂ3s&4	'$>`WqG81AqE*qJs⠲}N8MS>x3Gnջv6B̜bڥ<4աTNO˜IO*&Ey3tpgaB#lzū}aS^8t'ihf=ZÖblpPcv:lN9Irmmh3G2mܿqW_z#ro>ͯ޸hpj`<	7#P<xsyd.q}6JcM`HyKJfeGVQ0Ulþu,pQqx2~:;Vc뚻kD\oh/0CC/fe`sVߕEkM ?̪5
!8	(qfڠ{>_y뭉%kа(㝾 [Fc~eǃ1ի(qH?:<| ;#{=6tO~ѽCJW^{gvr/<a
II?|~Ȱ &s_d6l%i1DɃ]P]U Ics3RxxޜTe/Xtm8)Cy*8cxݐxo_I Ju.:G\?Lϓd`f)o(Ht7Xl-Z`Z9-It141
F(p+$:%VW5tl4nQelOU(-d>{xG	#8Wn?x%]?Nz{²gWxw_v{Ӂܬ呑 = eeM=XKDVa9a4'I|@DXYj(D;C,rMCqF:#ghUMuzCDYX6UyAxA^
3gQΆMh^Bd ?f/0:w<ƭ,<9[eFIiiH-']Y\{oc͇MNwI֫}Kgue-rlrtd٭nlݓ̖T_y1_ٝOn]yշ>w29xjb!9(zix* s#>ج+yIFq%!MZ  M'vޢt]d]϶^荄(Q=_ќ8[ĈՒ˓ufpU88V\HٹycSHf$cx@v60\ooz"t`lF]g[{[;mss2WmsFj%]?۟~sޝ[>vҨZSA`8*葫!m,W+(L@[C~Ebi!>0)FΑƕmBw])H8Ƙ+{uɏ"WO (`4%2a&eϬ@e!BY+Ώ%EP{9-K`IkHiݲfi9<\)4LA`_h5rqGlM۟Ixo>~p=jti|T_5_ۿgw~'O<hp*h^/XqGN)QYEɼy~N3A5I1DUY%zAcWfsUTeRo )03ea8FYo6)g,#Y8k^vB4>Ya윂}O|~g9v̬<8
},	hOo8X8i+(uMyRν$uzAQݩmm'TEwAWiփon>ب4OmU&ӝEK_O/oo?{=vǇ'jnt'SV-uX hAdkv<x<kNdyٕ'.YmL.Iq5YQ$YUJ5@-S#b"PvkKXqL'Ō!3e2m._`f	~Sɲ}F<fH{'K-O_涓-K|Qz|q44KpcIQCS>еэ؜Tm6iqDYV5iP?{zկ6cFP(M;жvw=Y[[97/x^_ӿ_W~ͣ֘xa<vx0N\yH]d-2?(fp(Y`
9lsQfnM4	'g`שuz	n-"WbQfx<iЪ")
Ս	))H3bt8A`"Zc~nu :`g{YYJݑքNO])o`;Hc@wPTܨiϷ+js0jm?kaԠ:Zx{wi޶$;k"7޾89Ԏ/:gW?Qm*7vjj؎;	B%2QX8xlAG"8 pV^F˜by8R6G'n{QlnywBlܰL&6oTNAe|3R7ᚁ(y~KS9C=Y3(cfa:IʼXrP\Eqq`OLd4mdgkިm<~u.Aa99q:aWEK??j;	+Izedxbd"³)[;N9f9 3fXH,9Δz mcz{>򀵰,uR=C4uC`ǺEI$JfHd؄luD/&L5)⅟l|9Kr#/*m_b%`9ՙkhǤN"%ZV1pi	~6~{%S#\l~~훵~xtY#~cY-DN.x^G?OZrT4F̤?I*t#c9ǃ5\pvlvsBVR,NK|K0}"}VY(d_dI br?ٺ{C 2Z5w*S)%QS'50@WR]):AhJϊɝ3zJ?3R,@}s2hs̼=l
"e>i{a)da&/T`I'ɓoϿvn;{}5α|03#0kFIdwm</Wݛ?+vNzGh*Z8d	G7&%\C}}V~NH=yYH"r[8Jf'TX\S&ӇfGm̸g
퍃j6=<?]]\`Z@Pd;S+ꑓ[E(
^%dL
$"Hzer*n=̬r?8ȢR$VcJu-Y f6VSX`E!<U~y']jm1~o:$7Hg˲& 6v.)=eŬW߻~?[޹p<>'=ѲL#g9f8[ZU^*.&<zKtîvF|ʢLA_Kfe~?+<qxtMvt{ЦϳM>֚LIA>{|81o>,'zF8B뚺&gSDScˁY祏<J8=}B`ybL{FIyF_/tI8Dp/QL1a:hʨ%)(ҤתnݻuƇo_"w[r9B,puF*,R>~݋6tݏ>~߾O>|k_|=wk֟Ќx85-Lf]Iq,8Jza^¤v۴ӖqHW[*813_@,fܻqzG	ķ/v;ݓ?ק8|W<I1=U5Ts!Qg˪4NhyB9iFe&bW59e&~rU_2j4kNїYF7l</&T;+mVM3ch3~_]8^o+@zg.ϣciW޺hyI׏ׯ'ݯ>>zϟlo{)scf.1Le/XQ6#P&7E=B4pyکMiZdA^c0U>/]35Lioon?uFf;z~th4(Z;[սݩA))5IuQ (`Yx9;C%4V!%~8[M;'hJsvL9igfYtA"8A:M$Ui#\S&qwNQ4Nd̒8]CNl}x󒮿7/?yn<_'{G.2RᓓMe1	!]bO(A&
;h=̊f;d83"ǌxd323Ԙ~cݻ~'ӧfܟ(&;׾୏t0_S_z3VC@cbx	qeHU,Wpaΰ,q98(`NPs)s#DaYMiU'cr'؞R`TOpEFҠ32j̰CgdU7MSzG[O6|?%]w+_|qڵ+/~>7G7n\_|ݵa*[;eVk{,!a`)8n@BS10DAѦŏn}'x;8|{_~rP'Vh훏x!vrtoa ˳wHYV</{8} N_<}KS:9[SG$MC0\Ҙn{[93\x$2?fe]<zb95"`"3wkvw;qe>VT`w뢍%]7ßW׿y^{>z7oo߻rqP
L3dx^&wf;muiYW$N%1,Qic`ga>Gd°s<",kwu]|w֟L'?{on<m^הw?9d|Vxt*7kOVeA9yx|宛ct5$$
Hʷxi, :\I@t#iż^r؉+&H҂܎,+l>dVt؎yќHsdP_Ww+Ǎ*?uW׮sY:Zvp1?~{ʇ||z{'|4@Q~1d-`6/hB>Uۋ0Jwk34p2_l>{zp|XQ}<&5MT}7>2?׿Ygt/t4i<sw}{Vl.ZrkXmOUwPV͗8F̂6*Nfr
3CxfF8f~03*f\#CqǲJՆGa8+v{$:*	2ٞ8*C੫L'xPyݠW?w:,[_~z>O~tmm=w?/_//_}w__y_}[W;G'8֡au RaW,S	X/rڌ;,Ցey<_Gt>M%Ul}{{wΰutxIuPl%sztÉFxxzq/<Ų/#2gfk8oL1p%5rT|QJҘLpXaZP2<O6MqnY%Su?Jl6aeZ=|p/ǃ]9w7+O|h>zaV\/~;o>{q?߬?_o^g?zO7&O>G=BH9Y|Ox#L(8LV6*'\LhɴyQ~o\шYރJӮ=ͭw޻O5tCE pemon&h
Z.u3dkEO1So-D#`*9q,BRy
!"JąxH<0%َ6mTmu5iκ!v*4 (S6|^Ƴ7|<TvnOoW?'+Z37g??hLko2W|On\{؛hp'|/D_Eж$6N7OQZR.szޔ(1mY*=<qoyڦ"M+2}Gl~Տo<]{Y߾:7nzxyԲUltw)@q<{*^pb(A^T|']#V"r"EOL'lY]x<PT/SV'cH4-*p8(&Ϗ319z/uWWo|jѬ?`W_{'?o?zGW<LY+:_W[[_\~[e]q\K>?ϟpkJ8><ే%Uqɧx>39bZtHby趣V_eIl?rig[[GLǷأ;7n^=<<Z{d{Ro<=;7l5ƲzT-HW@}H`yxE52F3"R<E29ؗi<8+BN@=Ày1'3xg0eU'ăHVhDKVH LqgsdIv%vlwmv,9MN7fUwH$FZxu/:*3+˺8!?d*ʇ~q~b߼P٬d݂Wbk$\29hH8?ēɸK3yNTf.ESGg1^#cSd9̓_s6Wk. #[hb_de<̈́R_4߯B%a|P
Zzg4,fG8_J"JqJ)Lay\oAJ./a}(|ſæ`P`_|>+;抝j2ƃe&<ITlhvJl4nŸl^Gh(Ut:t,Q@BT̥XS)˅V&V1jQX3ZVNxHeA@=yb*
I#*@c>u|&Qj'Shs<Щ$"B̢P9lUbr2FYW8%SkN~șb<W^߮drx2[jh4&<̀w{fD8&j]MLlawP;tI ]QXL9%5|o@8B+πbQk=wzP_bZh85sHsx%.pzmBQ? X_*ˍdr9U2\6z^̤h3d]-X$.ڽf.	Ǣ$VLs4W3Tn+[riT<
52~k,X<Ljy4<VӧXbJ&b_llY"J!J`H 	q{'dʛm 
;͖`k8ZX"I;V}o[y4[DӍ~b~klTCAfq=$\Qx">/d.	&@u(7MШfШrL7Y?\pr ~p}}ƃS_C#h-@15X4ZGkA:|4K-x
\],` yMzJ܀ĦeA--JLJXn0"4VFA	ꠇ;դMino,2Lʅr?\.B\4ypI!tx7O/(H<l@shL.G!ҥPkWZgd#Uk:̽ˠ| @C@Gh(^(f"@hn˕r&5'q;_4G|vV*wd!?8^6/pgAe\CY@j`ou<>ZBɃiި"qRmEP̗TC E.vD4U^/vF_67!OH&F
zLE3T,Hxt*	AtE"Q)SX"SJZݪ3>u|b\%__R,&Oi26(D~y~ɒ%O&?yMn\ PK~NkX,ZC٠ӂ\BLxm9^V#Q%UVQJEb</s'}gTRuX9:1`F{oU7pc BQ7;d";P
nrOp} ! ߓ|2ͮ|Lon%4z9_j:Bf= I:Z[)aDҮdwLJkvJ!M l%rGAI fZpH`e&nh5)l6Ojb&S'g8
G(Yq#L$AXWWtZQ7͆PjhүRJJ8 l,^CaB}2q>ZM ԟ'xLZ':qn
Ѥ3U2-x[(5Fsh~ i4˙,/bbTKA/K1P*kRyt۝vwz?Qb-p=fd&Ff[nw4ײLcvs=`p.V;_/g_FOAEf^*X)HdJ^eR5htL?|Zڈ継M64(ASAq$J6xP͡8l:#EL֧N4.(xg`ow@x*{0FzSXtJF:oI<-U8vzCZ9RM)hP8Ӝ,WqYojL@tbnW$TIZ*'2ͮS==F<	"\m0\rgXL\Q/FO ݄_q3JsX!x#ɨU̒"ASdqszLw:QPyzoyzoA
fŸfͪ^ʅD^o(A9{0ڤߟWf{gA^Ѹר_y+zM5(tЙ3AohEJM$fuA9+)Ԋt<12qG/?u|owv	󝷇;;D@lzL$TX}>ՏVI'Wni4@@lRĀDѐJa>uk\TF`]2l3d" pPVˆf_n0BtUz6{ɔ˥rs(E"h$t@cDzD3EAgaȥ3]-7 һ}PnQVn M@rT/5{߬VfŪzg8cw:'P*LQ+@ƓzԁjPn:gsܻ;a)QL)2̶hKXM#.7RۯE8h
٘SopAvŤh
/qD
R,?<֋'?:ēqo7o흐8R^QfLmYl)1@ ӯRM$Y2i1ٽnƑJG4L'H+xլn\1Rj/Ab. Sf&|B9wy"Y,ޫz1_~$%hT(a5OP+jەJP0bGR?߂27+Xkv{zn
 5)$JZFd@^$Zlw>hbc4`4W x>8Cpz9wޒȠ(x@ڇuFqh,@\*dBHիg#^6fvjIȵz!U-T<RQBr}.#boS'g˳ͭC"?5:	B*4FaSqgxT"Y26tNvXjĂ/L&s>pn>trNcH?v4OW\T8VmZhدMO"	;:F1u2JΗJT,=Ѕ@Y/%d9}7n=ل{7>̴'sH8@dX=<!I^o%3~߫ch=_&m,BktЮ;n1_`	ƈPfXF r^`j.t$U<b䛘כ*`XX	+UC&קո:hRmTP,=S'gD"ϔ<~AUv/<
`p8t6A Xz.i%o6N*Og
:J"=xmx V-&`d,\KW*fejr5Dq_fc&_B^"J&O<qW*5y}x{$_<>cq;(.*l	13h1ʅ+-kxDV4 ^U
b+D8t:Ù*h9y/[-(Sv}=bh4eTkTI$'hP(%P\Lh&0{yN&@{=HݥMj&tjy@תjW4Sj4i߯w>M~uBCT*y$fbn5)HXl!<z-W+*GJՎhhJGE/T"ߙ.ŨYB\̮fFFtjW<Y.ӚHR8l1-hWlQb˴~5~S:ڜ窝nQo&
P#sGVV*,(Wh4vy]x1yv	2w;nji_ZjW-Rkpf'sئ
DaxlD2zVLǃ~ˬјY}H0-Z@뉅g6u@v9x18T*KMx&,_g>M|"X,Ex+N2TW;Hg2I:ܾ\EhW7׫yz{b]OqZ`t2\`_ΦV4Gz!qyt*(iI-hJB$<rS$iW2ap'.o(S[j,V׀km3%Z
{}Z^)ǥJ-rl<GL

= MQJ 瀚t 'R,ZNh4DPX֧dŶx?[J΁&KVSJWУ=ѠSI_(r*~uŔpȭ.v=:W8Mr6<"'h	9L) 
&	png nnvͪ_ 5zΠ?zp`/S&3kRdKkb>$+]+.QOO@ ƣ)/#*_kh<KE\P tkr՛.n*AP #lA9lh5F")-.Rdo21Քu%w@u/)TSh61+^ϖC b@QU68j+D]VX6KeVHM4Mj1N*+N>(ab.	Gd+/?9-Q5ɉ8+Wnp8t\2M 
h؄+HTJɤT?>)l;C[@fwXo5)&4XMjE(ϠQHcepp4`lZeR6^ܬݜCplcOĒl6Lddj[nr/GtMw>[jqѕCkV0D)3.NEorC(@$TMdʕB̾ҕ:VXP;]z^+f!~[=8jըI\$b5~3w'x`2>3QڝvKlJ!Do<tAp̠^SxbI^=~ŧN4=}W>&IMnצ9RjL#Rĝ"˗jmN$̫`s4")GK\(,ogLr^ϏxhX6j3WdyZ/$X?y8пuYFWVIEb٨]d1D"[pvst0|Πӯ(<ǚ}TGh<]zTqw6q2۟gþH
RHBzYR4*`&9D]MAAWDcT(dcpq0v	*աt#lQ̤ѐ >gqv8¥ҋX,X6hgʹŤӣPk2dBg:y>w_"u`إdHP̅!(L<!T*W!䜫P:R$z3^5Oj#$XVӨR5bZH\;pe۝Zo6 naϞqtRz5d]`Vf1yD<×;YM&B6]^} v܈#dRL_
\ZݦUV4tz$]Rx6;-,`Gk8tzj]Ir֣ kBrgتZB :KT>4=fL7VNTҫ5EXS"*E9?<IfF&`S'o64ãoϏ2($BB8<JQ$͛hѬv!wS4Lt{:_yr3kqp2j)7oXRS .z,
D,PzBApעW)oߒz-3JTDƽF.AloURNOo*EV8B	ڍfF&UfH4jsǲp-Nk֫5笙rjUDU z-Z.AV+㳚l',V.cB!.6fׯ'vK<C~ZWYT2qhL<;LO	gyJkDb(4rF:|>DH2	y|c0W>5gO	2fj>i\FӗjLܟ@9Wk"HRɃ:t:G h$|Wxjw \%S\/]al_Ц H2h8Lɟ,Ԫh4ts1z|lp4+bncQkmH6NZYΥoo9:=;e%qwMHa(|j-E,*.Ob}r_O8FG YjvAh4YHYlNН WqŠ1L\3hT&T*E`1ӓ=<%~N4<oׯD7\gqy	1*v4FSA͆D>L[R,UbfFL&+-Rө}/2x6Իt鍇Ru n flwج&V*AJsxvBZ<@)15OROvYXYmHЭHm2\P2!C	DgиJG8垼NNB;;2B"B?"YT6:&Xw'f<,{>x~~.8:hQ%b.Y$6$[\dZdcP0	rPɆ鰚A7;"7^:]..wϩ\"9$w/ӧN4.p'~ŏTN]Nm8<~C/e3BP4wZMVQ;trb6Ne 
@42id.5%
^W(̑p1Rn5bԋH7}F͢!rl+Qjh18ۛѤXà1D2Cb{"??~X0##z͔_<`m Df@| HbwRŝQڢj]0'<ۧi|jTj/g.*өtJ{<[buk{;Pe\V0Xb? W*lpqt ['WT&_&7/|?u|qq?;zg4@(0x #N'F]7j5iShe\NZ%KRm
rvGa	*BBm(rbV<`0.9ҋomݿ06v:4t ^|	MoMTz(wES(fӇQ5^i5dn-D,S2ٜhls
E<a/W۪|s0AzB m9t{Jh@Ǎ!Zbҩ"^eD"MFb*n7v5MF|_` j|."hF
hd"Ps;GtzƓoHǛOxw_>Md߾|y0T2Sdȡ Fi倍Zl.plVQg|k kWA+\hB>9]9b㇧[d/A=DdTEX<\.FB"
x8mr&"rkF9B.rp~t*W7wsHzB`ړlȡjY9̢ৰ4t)e:4窽ͬ[;T"=b߭]\	V=XiBf?zGⰸReQiF(hQM؄dWİdwF8ZLՐ+R3QR:]wGɰ]NzTiJ4
)KLOnt#N%bŏOmz̧	:'soϏ^mn9o,O`c3hjͤ\X,B&h-VFF rC⃋y85[v9n^|x*Ul+Q,T:P%	̑|k|aի5F68؉bL9Xf1.R޾_TW~"H|@O!I&h͗jtnfÈ
1I#`kјvHSƿ]!\PlI+1`AnI%1@k1Z""-MSp
WtƋӨƲK<SRg<[l>b-Β!K8;;'P\R-J{ SUP_^ht*l{&LLr2p{x`0twqztxp'\1z lLf?V2P8hy4\9EpiDUi׋Y4W7kfR!Da1X(V 3yANB??&unYfLŘE*6[i|ͣK),6jnTnF@IL|4D"G$\?~|3W7uw^=8<3Wgg$C$WxM.䌗iA$Q`oUH%j[2^zP}٫W*u@kD,b"V@#1#{(h56삩Ebɰ?_jˬSJ*'*wDrB!|LLaD"1yۯſ},%BB}/h< z{u#*Xg4ޓy"6|Sg[@4J'rN%^{InE$se2HZ2htv^#rZ))E:?YHzw07ٳW,	"!*lh{CEAn7XEt@muحHnp Qhg[HW҅!rqx[}VW4_&vA196T|vlQ?u=,hCvR`AmO#=r;^[Q]F5aOΩו ˆr'v)"FAqy\w~֥4%7K<E.'x2WS	lrgJ-x>jmZ{6LƣrqxAs1(#Dǣ7YVk|$SyR	)@(ˣp,3tFV!VZP	'Zk!> > Nz/{ɛs֗m4+x<FR,ug+FV"<s#6J@p%
c2^^FhPjF˧/ހWb'τ@"6zZ?KNs^6v^od W\uXLFO`zITB"MȤK
[0 F<V}CQ˅&WMORhd
ࠣ6+Xg?|ş|pE,\I*K,ˍ_ϥp5r\w6i&G4OX? Xz5RDةr9BX֫ŰKy\Tc4[d.B(VZ
XnP(<Lc4{nկ̳7O_yCh{lquRꌡmF[<1,t>
7Uk鸝s*T6g8rboĂΛo߼<e\"x
W"fw4귻l8^L2.Oqҵ~-ieO YiB
9X%V/T9>9!h+άΩ)FY|Dn|zkD~OrXcq|O 7y|nSI$΋?>{՟__8hSr,ei^aPD*Fo5:^o>xXӮvw8R1<Vn'%31NgY-nӤ;pޠ#$r
]O;X<S*jX/gPE
ٔ7v.ywۯ&=fZ~ W[owv\r:_=v3Ǐwp$:;t!6<N7m6F曜h3L;w˫#
?`*Pb*ܵwQY+mٟuZ9)Hz4aYGV$VɄ fNH
ŬW
8,6_,b^oD<Nnoi' E*	9VN_(5(+|ŷ_гHTH*)!h+"va#'1\F|)VZmVIoaWUj{8Ηe+R>ޒaJ\.GKY\*Lַ7KJ%MR.-2RkZT4M:;<;|I-׋Qw Esk	`d45k[ZJivl%|;ɛϷ"
#-?zr1VwPj{NJP(3jX08cwL.P4]dbAA"ۭjt٨(b7wjC?; |ΛoLH2bàT6Π]}߲LX<1kyf%'V ڕBT&sJAbZJBQUT6bdSdV-$ӴI(d%TWUC(Ѡ`ΘX:mj1
bޯ.16Qњx&>E &$NOxZP'at6+No4}0P?`ڭTX<c\+D'PX"ap`1-4~=ۅ+uݬGFo<,7D)OjS%RL'L2g'd|I b	|~Ӎ:y>x{".N7vN[n"ANa4٣W4\\!_QyGhmM'TVo;jǭVhN5},'wI-f3IDޟD1{gg(`]
nRGсֻ&jԎH@	߮F?%|'\kUɤzcWDPL9|]=_f4O lCn޽YrgZ<}_jx("FKmP̽Inbfޠ&k(ӻi]A^O6['Y){3h<4ɐNXΆLK<0nV;&t:fGŰlkQ^|{B$_|!x~LwWO6wllll?u 0	Tn,jGxƛeBV1h	bYbHJTRȦl=Y{=GhKr!3ZUt
F&1D'uJq/o\=ڣ	
SjronaNg
Nmͬ3xnш<5W9DP$c:<IN=eY1j`4 '-(M)W#f6h9M%)4tn8wK:)W bnpNgpNu4w@ҙͦr$
sv8AA&VΚ<M HF#.;B ċϞo?$@<{ɣO<iϿd*D_"N=&N&p/=<*2DiPm6F!`N"m>+6ZՔ{2!ɯp,/RH>d}b>9$]<[IT^I#J	YV3$ lr@bzv35+)/fpT"ϞmڕB:A-VVQф?voCkN1KU=hm6v3UCzO-f\ȢR)=<'i\=J*hƬVфJT&8=F6@"&:hSf⏆}n/,K@"xy?~٧N4/wtƇ6{ƛWOU@\jr >rI?h>g8m෪ZM89c-V@%yuzƐtJx2g٬d<b
Gipl&Il*JXs8lca!\lWc`;]F.#^Rh΁
K94C(V*rϗlK{x4sP>Zh4qݨ*z-6IT.+#aĢը|Hr/߂%On^Ek&3hJ\8ܱblPm4I1&VA<^/}-"a{GX<>vv|4qvWOwۃQyR٠]#pp|},0bsz?P:G#Ne嫷1o~RuuTf6}vk猩4Z,Fe`^2rXL]]Z%p"6"nH(WVg^'fwkyPktF	؟>6~ht'˕R3^:r1'l&5&6onaQ\Roqs=NAU+!M+\x"=+dsh  P|}ѓǛ$f{H<Mp<kFb:`RGT-ܵ/FTif`⠢,R6no:rgOS'g?Ϗ~'olg/mDc0.0TaEjv[\SB:Sv^t~p.pB.%pI$NRVLH<kQ,`]1L.Gr>D*L$V[H('Kų-V%He2i9ըe4v	AADem}{j:h@,]VN)MBnwZK9}ݷ,1%ʕ"V+˽g{|0q;?~lE#^$svS$Uh}Z-瀃jqL.WjKڝ^Q)W+hЩO/TS 	;"vDUjikLnϪ /?:y>ó'}FQ/0zNa041fjLȤ3+dsX mn=`*j1Zn4e#S8@ErC 3dZ*Sj(EAo04ijA1$TINrU'$dRɠId:چg 8bpЛݼ_3p6߿֙׋݇Pe}0gvK5&ɠX:(hEJ:zkݩFY	VNsd?# *w&fK1@a\7L	)Lo=
@*
J*FjAZ.sJ3g?oo~3?o>;D%V#"_3b\ @Iz1Me2K؄tmL{X:sW:Wn˥N2	e|E\698'ROFЦ؞-f#'ݟ5Q*Tol2Cx"](7~VɇA9+8)
Çw
:_ Rz\?|xq]~٠H
%z}ٓ7L3GNe2(ԫO9ebBO~grE?fiBk(ʷ7Ft*L foXCYKl Ȥ6ZLT\`I&E9O=o헏ȨGo^Ѡh"_f
ZET"d	w뙠/M*Z?	ĬY
g\݈{FM,ͬKxI9CHC~IG}l.cfَYuZ%ШMd:*Sd_NW6#T[ճn5n&b`}nƣ2eIa(֊ &H'1<)<$_^^pt_h~6֒x7wP=a+BU~/3ح6o<UL\Nl;⭖˵VYPN-&nTr'{ov_i˯ћ󳽭'=8cJ˷x{x|zz}$k -V*yuBhm]/p4POf6 AjS{fBY5բ_Lkgf+tY-b`Ю#PnoW]Vv^rzBQzT,-aHN {l"=#?{wwGQ'w5|wNL)5/"; b펇FbKP>6B"]w9<R )ޮ{Ig>?ē['ȌX:_ahuz쁗s4rBVV8?ybLLWv/.wilۧ߿8&3\G:~:>'VU:aNFJTdHju}jIifd*xP>(Xt1sh:5`-,h֫sbkVJ!K+6| &+h&6`|b@r槟'*>CCnY{6lk?\~ol{gNRwVb9 @$2	$  $@"`f=.>hbh:gC2x";{m^o%\6W܄khXyؽ+,o4MHy2yo8TzwTش^P	$|Si;|D*W!sHg@B!{*PágZͰi>t|՝{[q82F39"yrm -t&DB{{Zj׬ؔ9pU&pb,js#K <Qfc$bbB
]z\ͺƸkVKEMƒB!t;Рݍ%j~#	:\(stzs]!t'k 0 5R4y6_ 7y68ϯ s9f/31f*$:{aZ%_]0v< 8HA#3٘S4A|~0
%{\N8-^^eB{e)43Px
/;`{R7wV,3ihB*z5 `F<ca{84L;:y>ݧc Yīj`b^7{Miq{ܧi<PkE `WwZMmÎpKE>#fT5\8<c3m&\*YZ Jj Zwdo[vtJ@A?pyxQg̠pT4,DOlGCpK wEVn@[hS M>uXU.{vP6tZBҶ<JmRĦe:Ѩ>p:ONÑ8

j欐8uƀWim4PUȶ.!uA7"1@BD2rzJjܼ)"X4l𪤜E<0hוk:y>?,ke	K">]_ҝ!;qBMH {}AxgǤL:pt֢wAl(y,0YdUbvmG[]BRnxC{-iwr|ؠQժWYrUu',Dc04U'.t"\+P3\P5@Usq $ 7e 9`g#I4JzkV&$`hGfcT)5Fq{8HEw]T2רvD4eɈ]P$E݆kQ0YX,`ƓɄhkk>9˸D,ΠIɚ\c}d6FFV%1I̦󨴾klBgɓu^MC[ ơ1 OZn6=16Sx4,^SjM6olyd<+>֊H,`Q}㺀%W6:0XH $:GC,Vx]`H귏Y$lleX"xzS~wgY/H/ݐ_fc_Y @*{blkِ˪e<~l`` >Cc/eKdKdho{NMr)J4;c?N7V6x2:. |HķoaX6/K4dD4<'Y\~wK"r-h|1#?t|_5(`g,`!-Wׄ`"&\,,+67rbWa$
mf&xW!b(RMبSd2[ыf-J#ipQLj>Bc18ʆh:L\r@xP08 zڞw_5È<Q[{dRQVG 7%ǲWW_@9@޿	_節]A ΋Оk@\͚eɪF/Ƈ',"ńȨsl|U(PXN}M<^鼥C}ItcN"M{Cӆ|uYĝa0FO!,>><<HixO{>2++:y>>$z|N\l&",UC  <'˖Et`wCiuJN:VoݵX+\2Slmǉ}b/3fF;:~@|H$܉\"2,fRx
Gib2퓷oE#E{;;&jcGbI_%w~NBnrgx,}xXzP-h<~ͤZ+-;R5o{l
CP,.`G8"u@$	"eXY#;{;;ɲr/ŽesrŚrd6o6 G[:$8	y>496K|&#/$$9%Phɑ!I*_gP px,"zF`(4:GV4Ӈba!t  
xfpOa-mve4͝b.N(Xa ʹ$D2vrjBphOo~xmEC˻ښj|h<61mb.W$l궷Hm]B޽"Hd:	/{͐]_e1jf`G՛2`\_WQZ9hx86MF<fxlF@167bSlpe,2eU.n3Wu),@CXbYHj d*Нd 	m͝	$XFD"/hia;DҼX$+kKKʭCOwIk#j=۩wzNpTbxvκ|4{dEڻ4[[@Uf{j(~RTn$C$d͑YKj0B XJ	D`Y09±T5	>ńths@E=,tw/5sJ<ySdO^pȰʲҊW/^={𨤩o99BΨ[_NVTַNH	C'Y2AQuY%xxy6[ԨEiPcy]=19cC]uUM=SҲT `K
F-_RoaW739
(9"Pg(MPL()UT0j qDk*JR"`&1eզJcqWA}Ȩ;ۏw)ĕ\nVѶ;Yu!z\CƸWV$T_WgW?|TZUi91>Mh8|#ӱq'@>6EyT"_\@dM''Lw74x沙Š^Qͦ5@WWW{}]SS͛ϟ>x𲢱wg dk({S4#(-%ZתWVT:^\qYe6@ںm0glB!NKe
يT~H_ng}O~oiB>5Ce:ӞqkCf6VGģ`S˟碧v (:Zztr|Lx 5@_]^Fh6R6P_[3Z\	X|h49h\llxd6AIT#l8cnHu@4R.!D8+4$́
؍*rs۰.`29Xw͛eUյu5-}p4z|՛!
:8E3I`qY֢`h!<n3KM~ʀn@tT)*yc`BH`ZJWW9I`9g&?|g`5|կ/vOWVˮC RҼb۴ss:i6<0B0	{e>WٰmЀ[!'f 7 yһwP	hcM-e%Uo_<um6GŌt50x2wi][W)+bn@&PcX2K$FoKk@tG؇Z#`$hE>!MRx$;Ϲ6X7[;-J${8yZ_[S_XW[[SYmym}mcl59B'&bQcQ4q<fj
G	D;~˒LϦQY¥5ٚCN&#C}M:y>oW`Uܣŷ_|uQIC[8k[m"XW-HDl4ţa'ǀ%)5ǃN+5ҥM7F\&EWdr֞N3eъ Ijj9CO¡MUVԷQd b35ĳL:Of88J]4O"PL"si߿OMcޱؽP(ɤ.ޙ(I&b}ro	DP$Z1];Tabk 1<vrBc 1#C<seSX"9  "_3h\o]mC[`owW{cm4'ZKs64".;><X3&7~sISlo}~x6Ҁn@bB=1X4	%Ae,PuKBl`$Ft2~
i:\޳ڏ4l܂lSRQٹyx=D#{aS"`K|[R)V~pgCA̒y26>$PWAy*	9ܑY1Lfr^{ u~g 1KAEF잀s{I(3}jӫ%VocIX8׬bBgqO,YdRe)X,*jh,Ч ?O \'q-JR!}gCuI@QW
}f CqC'G>|UQ9GN okx5-dSX2D2,Of;TTHu*JUvKqrK8{~qO[[P@,8uw60(ةle,-}?281'X-0ZWTڍUѼh9:<vb;:r =lȤ$QaR[NMͭL*0L2zWŸN-G,9WųBHc#5Rd..6u[2B¦u6C<<'GC˶pxblkw,rR&IE`PJԆ&Sonj5JT{Ei]K}f5?ϘLW777tV9(x8cկ<niWӇ,BMLOZH[D\924Q2ץ"~rWa1y2zhVswCgWg¢buD9"!c^_񶤶<ВXǤ>5'Atmޑe5gbx^(o~/ 9..s#V#"񾆲Z6dPd0foV9Y[ŋT2q}}3N:@5WD1P{r6+mQ+H4Ndl"q;lGvRT9FzfC-6tw۶y\
.{m#\oJkxx&+%:uxNߒc5/}oTtwuC|h!'hjk_U+l:͐ŐR\@@!/ T,.ҩ#rX6ĂZʣP; 5H,kA۪P6316YWiII}vj9ֶ1<#19<"勥2`cMʜ<(/΋9exy^,$O";1X72U@+ed8%Y~YȄmja8GW+6/l6g
3PQwLNсyn%2h(^gg\~@&OBm;0ˮZ<fh(jCO&U	\raZ˟Ok+*޾70;8tT>`cpO'Ϣi<}Qšf(s2L_1|v]WvźqG
xL:G*Cc)L]ౙ,:͛}ai(%@CXA,Rꒀ>>J Z[ _hV0Xl:Jcs
6a}]u5vqnqAWSpRY>=vD~qzLs}jxxWY!p]GM/X2G|uT*JD g74d.ID,x
96[bĝg''&qY ɄL`Cnwzz%؜ExY&"::(xK՛7:y>hԸᷟzP3F[ٱ{\E`
O"t*ƞ&)X,mw69lP˕e>A#sT2f{dbKffq,;0<$Y)=Of|5==:Bcc]0O$Xܽ9N#0GAu Fb4<p4Y1 t7gl:!tҼRm

P~Pn<=9:v}]П 8(y,YM7>3_<h%gqxl%zȍT$7@C^[N)+T[$!KB4C'G/KJ_?o4צB'H8bd| 2e2yBD,Zݾ$]^3vut#`pG$r$"Da̋>@DP(3lw3zjE#{:Jߖ5I,qo~C<nޖnP/&MNSEkr!~ufsy!۶ng9R qKX8[56CL8 Ί7c1rl&DNu|Զj{J1`Rg'O! لDCQƨ_ gD:*-RJgsieKMzvl1o\.nw~ͤ߆MzT3lkK:y>nW_}oUO
6~S9"r,JbgD	PotKcg	uGOQp$aS3X輛%0C02<JVe5	"a2'Rlnn	9l9\oJ&gTF"gATEƖncȹ5 c!Ba"t6[8+AcS˛.P91+ "hE^v!<o3`Q69|Jc(
+Kjbeim۝ UHe 2H2q4}_(;'OON< ||Ǧ]NXnj04i<˦">'tbCǖ]ӇN4>J˪GvwoGi'@as0񑡁Ɩޡា֎qxwWG[;5CtuHL>CF#mnC&c5E扄&{A$-I3P?Pwg{KMyE]scm][4sx`")4?gH[ۺ53=:J^\;qeS6\;)ׅL^7hsq@@}3y $#&S{ѐ޽,L&841@ɉY9qf^Q8k=t),:ϳf98<>2Ld*ѹ<>ONx=@(?͇D*OV-w;lˇN4~?}QqnB0.oaQz"gd|c#->|勷--==cΆ7}ue9
qzw\r<[ȏSM pq4 i`Pok]C>Q[Q]W[U9ZYTTWM ~Qْʆ>qY3 M<H2gB'+BD4B!Od҅KbՍ lµȘ#)d3K8ĹE٪tM"h# %tw0>Fe!:B _)j>I@UBezQ|&9-H"΀=`(F!tP:y>/?Wv"qS]]}ÈiH3G*J߼z]ZU51?'_~˲VᮦNb`hً1
 73T.<=܋a.^?I4&_*3s顆Wo*Wߖ<{wpfHUT+`Gkk̢N,$yv[u@,L$"CƖZTcd6Ch P,3
aEd
Z,)՛j/XљzCz, p	@8F'Di\_WP"wm@#Ż4/)撙~'8(x%RB.>t|շx\ʒ᱑	T[jJ^>QRY]]=VX$7oܻeu
NwuMt29>386>U[?M bQY:O(ëa3;39?I G;KG`(4Gcp\k-}Sۋ G_=|\ُ3|H%|'Y1C]mCÑ˶@͒pEtA^bvxD\%@ezl.IҐڹZOίȼ!۰ÉEҺ.9Flczb
7D(Ð/5vT<?1UF{(UHx:pU<;+qwx	nvޠ m, Y#~ihim(-jOvW (|mIE]S(62<v3yc5<i8vOи5"c;1쨫Eq(8*\U+ ~XfgI,C'~@7|Tڇ牅,2՝O'O9,z
71#]mu]rd`}=0yߤSثZJ̗(*74RѲ@L]\\$?2u-i<ps;C%SHy{`4+gnm8F	8X<3 r)LAE]]\zVȦG,	W툛kN4ګoɭxO?U("O4T~U^؃nmc\`yݨ]/rJw 8Q8
4CضDB-PPhBmԬC]m=$
hƺ:Mnj{kxM$־}rie<3X]XUZk+{];21Ch2m-ҨL7(d<n{<`LB,<b2[m fP1/MFci !ޔ98KVA){Ctj5	g޸Dq{sw |#p0> 
<d&|h<=!@@]ߘA?U!CuC'G=M}݇_>㷷훒qGU<EIMScC}Sc${΀|P<*{\i5Y6ĕ}'ٍ+s!(X]u-#x*	ð6Tb&vgtlʖ1 kޞW|z۟^VU=~YIuKOOK/˫+z4va{NF@G[J`8lۇlחd-kBdwlo'wt<f\xkcS7T&W0h?.?Y2\<Sd0
Dҙko{8=;+drE ks.x!H:y>hyW^){矟oimizuo>|MymskS}cGhNx<&)A P7<5;Q
:Kh"4UTʥ4Xs+ȡSE&vp6+*kkZ+k[ɗp֟޻EYM5buUe]H"Os\h﯋S]}Tl{vցHTpt&
7^Lضp !sut:&RGu&NG]&t;|Hk3ryh(?j,CjPk46kWg)ռ\38H8tвs(&xA@|	CPplcN4*A}uM-Cp$jjrb'o^=wOTVUTa- H9,b`=ZP4)׎$
ñhc5LH_GS]VBU"0;fo_>QZni.-%P?߿o?=z6>78ىQ`0"dhwER,djI36+PgL}`h:W,r`p Nx4	شKkFO2L$ j0B4	<l{L@ߍq$(ӨǞSޱ?96*q1׉7탟z8/@7:>t|޿ѓGT5vO4:6խn}nOO>䷿O?QY9]ق)h*e&svFG>/#	c{ⅳ\ԮtIBhY4%d$?m+Ow\	*[(E6WU457֔7?{|UPWP_9_52dkC[0%w u*D=N7x.QpD.dFС@P4y{kr/|^߾E7d	jԌc\>I%tw llʭѾi[Σ=Dag3q4;?z@lF4W[&?VĿ?s ;:ÜOv?7>g~p{?}/k^흻(k/lآ7Ð c|*h4nځ$ 	
