ObjectType = Image
NDims = 3
AnatomicalOrientation = RAI
BinaryData = True
BinaryDataByteOrderMSB = False
CenterOfRotation = 0 0 0
CompressedData = True
CompressedDataSize = 321              
DimSize = 1 1 500                              
ElementSpacing = 1 1 1
ElementType = MET_UCHAR
Offset = 0 0 0
TransformMatrix = 1 0 0 0 1 0 0 0 1
UltrasoundImageOrientation = MF
Seq_Frame0000_FrameNumber = 3
Seq_Frame0000_ProbeToTrackerTransform = 0.97524 0.15126 0.161332 -300.321 -0.16592 0.98276 0.0815699 -83.1709 -0.146213 -0.106318 0.983523 -1481.09 0 0 0 1 
Seq_Frame0000_ProbeToTrackerTransformStatus = OK
Seq_Frame0000_ReferenceToTrackerTransform = -0.0809767 0.99572 -0.0445541 -316.773 -0.986159 -0.07355 0.148598 -87.8694 0.144685 0.0559703 0.987894 -1526.87 0 0 0 1
Seq_Frame0000_Stylus = 1 0 0 0 0 1 0 0 0 0 1 0 0 0 0 1
Seq_Frame0000_Timestamp = 1898165.100000
Seq_Frame0000_UnfilteredTimestamp = 1898165.100000
Seq_Frame0000_ImageStatus = OK
Seq_Frame0001_FrameNumber = 5
Seq_Frame0001_ProbeToTrackerTransform = 0.97524 0.15126 0.161332 -300.321 -0.16592 0.98276 0.0815699 -83.1709 -0.146213 -0.106318 0.983523 -1481.09 0 0 0 1 
Seq_Frame0001_ProbeToTrackerTransformStatus = OK
Seq_Frame0001_ReferenceToTrackerTransform = -0.0809767 0.99572 -0.0445541 -316.773 -0.986159 -0.07355 0.148598 -87.8694 0.144685 0.0559703 0.987894 -1526.87 0 0 0 1
Seq_Frame0001_Stylus = -0.0809767 -0.986159 0.144685 108.61 0.99572 -0.07355 0.0559703 394.414 -0.0445541 0.148598 0.987894 1507.33 0 0 0 1
Seq_Frame0001_Timestamp = 1898165.121000
Seq_Frame0001_UnfilteredTimestamp = 1898165.121000
Seq_Frame0001_ImageStatus = OK
Seq_Frame0002_FrameNumber = 7
Seq_Frame0002_ProbeToTrackerTransform = 0.975259 0.151253 0.161221 -300.323 -0.165908 0.982758 0.0816111 -83.1012 -0.146097 -0.106339 0.983538 -1481.1 0 0 0 1 
Seq_Frame0002_ProbeToTrackerTransformStatus = OK
Seq_Frame0002_ReferenceToTrackerTransform = -0.0809925 0.995719 -0.0445517 -316.775 -0.986155 -0.0735652 0.148613 -87.8744 0.144699 0.0559715 0.987891 -1526.87 0 0 0 1
Seq_Frame0002_Stylus = -0.0809925 -0.986155 0.144699 108.623 0.995719 -0.0735652 0.0559715 394.415 -0.0445517 0.148613 0.987891 1507.33 0 0 0 1
Seq_Frame0002_Timestamp = 1898165.141000
Seq_Frame0002_UnfilteredTimestamp = 1898165.141000
Seq_Frame0002_ImageStatus = OK
Seq_Frame0003_FrameNumber = 9
Seq_Frame0003_ProbeToTrackerTransform = 0.975263 0.151225 0.161224 -300.32 -0.165889 0.982756 0.0816748 -83.0286 -0.146093 -0.1064 0.983533 -1481.12 0 0 0 1 
Seq_Frame0003_ProbeToTrackerTransformStatus = OK
Seq_Frame0003_ReferenceToTrackerTransform = -0.0809583 0.995723 -0.0445061 -316.777 -0.986152 -0.0735357 0.148652 -87.8701 0.144744 0.0559244 0.987888 -1526.86 0 0 0 1
Seq_Frame0003_Stylus = -0.0809583 -0.986152 0.144744 108.705 0.995723 -0.0735357 0.0559244 394.35 -0.0445061 0.148652 0.987888 1507.33 0 0 0 1
Seq_Frame0003_Timestamp = 1898165.161000
Seq_Frame0003_UnfilteredTimestamp = 1898165.161000
Seq_Frame0003_ImageStatus = OK
Seq_Frame0004_FrameNumber = 11
Seq_Frame0004_ProbeToTrackerTransform = 0.975264 0.151281 0.161163 -300.334 -0.165931 0.982754 0.0816207 -82.9487 -0.146036 -0.106343 0.983547 -1481.14 0 0 0 1 
Seq_Frame0004_ProbeToTrackerTransformStatus = OK
Seq_Frame0004_ReferenceToTrackerTransform = -0.0809568 0.995724 -0.0444971 -316.771 -0.986158 -0.0735381 0.148608 -87.8751 0.1447 0.055912 0.987895 -1526.88 0 0 0 1
Seq_Frame0004_Stylus = -0.0809568 -0.986158 0.1447 108.635 0.995724 -0.0735381 0.055912 394.325 -0.0444971 0.148608 0.987895 1507.36 0 0 0 1
Seq_Frame0004_Timestamp = 1898165.181000
Seq_Frame0004_UnfilteredTimestamp = 1898165.181000
Seq_Frame0004_ImageStatus = OK
Seq_Frame0005_FrameNumber = 13
Seq_Frame0005_ProbeToTrackerTransform = 0.975252 0.151277 0.161241 -300.327 -0.165938 0.982751 0.0816384 -82.8835 -0.146109 -0.106375 0.983533 -1481.16 0 0 0 1 
Seq_Frame0005_ProbeToTrackerTransformStatus = OK
Seq_Frame0005_ReferenceToTrackerTransform = -0.0809758 0.995721 -0.0445255 -316.778 -0.986154 -0.0735518 0.148625 -87.8774 0.144715 0.0559441 0.987891 -1526.87 0 0 0 1
Seq_Frame0005_Stylus = -0.0809758 -0.986154 0.144715 108.648 0.995721 -0.0735518 0.0559441 394.378 -0.0445255 0.148625 0.987891 1507.33 0 0 0 1
Seq_Frame0005_Timestamp = 1898165.201000
Seq_Frame0005_UnfilteredTimestamp = 1898165.201000
Seq_Frame0005_ImageStatus = OK
Seq_Frame0006_FrameNumber = 15
Seq_Frame0006_ProbeToTrackerTransform = 0.975218 0.151281 0.161448 -300.327 -0.165956 0.982754 0.0815804 -82.8078 -0.146321 -0.106352 0.983503 -1481.17 0 0 0 1 
Seq_Frame0006_ProbeToTrackerTransformStatus = OK
Seq_Frame0006_ReferenceToTrackerTransform = -0.0809334 0.995727 -0.0444778 -316.777 -0.986153 -0.0735151 0.148655 -87.875 0.14475 0.0558931 0.987888 -1526.87 0 0 0 1
Seq_Frame0006_Stylus = -0.0809334 -0.986153 0.14475 108.718 0.995727 -0.0735151 0.0558931 394.304 -0.0444778 0.148655 0.987888 1507.35 0 0 0 1
Seq_Frame0006_Timestamp = 1898165.221000
Seq_Frame0006_UnfilteredTimestamp = 1898165.221000
Seq_Frame0006_ImageStatus = OK
Seq_Frame0007_FrameNumber = 17
Seq_Frame0007_ProbeToTrackerTransform = 1 0 0 0 0 1 0 0 0 0 1 0 0 0 0 1 
Seq_Frame0007_ProbeToTrackerTransformStatus = INVALID
Seq_Frame0007_ReferenceToTrackerTransform = 1 0 0 0 0 1 0 0 0 0 1 0 0 0 0 1
Seq_Frame0007_Stylus = 1 0 0 0 0 1 0 0 0 0 1 0 0 0 0 1
Seq_Frame0007_Timestamp = 1898165.241000
Seq_Frame0007_UnfilteredTimestamp = 1898165.241000
Seq_Frame0007_ImageStatus = OK
Seq_Frame0008_FrameNumber = 19
Seq_Frame0008_ProbeToTrackerTransform = 0.975247 0.151251 0.161296 -300.325 -0.165911 0.982759 0.0815934 -82.6675 -0.146174 -0.106335 0.983528 -1481.21 0 0 0 1 
Seq_Frame0008_ProbeToTrackerTransformStatus = OK
Seq_Frame0008_ReferenceToTrackerTransform = -0.0809437 0.995722 -0.0445681 -316.776 -0.986157 -0.0735138 0.148625 -87.8706 0.144713 0.0559815 0.987889 -1526.86 0 0 0 1
Seq_Frame0008_Stylus = -0.0809437 -0.986157 0.144713 108.661 0.995722 -0.0735138 0.0559815 394.437 -0.0445681 0.148625 0.987889 1507.31 0 0 0 1
Seq_Frame0008_Timestamp = 1898165.261000
Seq_Frame0008_UnfilteredTimestamp = 1898165.261000
Seq_Frame0008_ImageStatus = OK
Seq_Frame0009_FrameNumber = 21
Seq_Frame0009_ProbeToTrackerTransform = 0.975264 0.151247 0.1612 -300.326 -0.165915 0.982748 0.0817193 -82.5885 -0.14606 -0.106442 0.983533 -1481.23 0 0 0 1 
Seq_Frame0009_ProbeToTrackerTransformStatus = OK
Seq_Frame0009_ReferenceToTrackerTransform = -0.0809428 0.995726 -0.0444746 -316.772 -0.986166 -0.0735303 0.148557 -87.8728 0.144651 0.055884 0.987903 -1526.87 0 0 0 1
Seq_Frame0009_Stylus = -0.0809428 -0.986166 0.144651 108.567 0.995726 -0.0735303 0.055884 394.285 -0.0444746 0.148557 0.987903 1507.37 0 0 0 1
Seq_Frame0009_Timestamp = 1898165.281000
Seq_Frame0009_UnfilteredTimestamp = 1898165.281000
Seq_Frame0009_ImageStatus = OK
Seq_Frame0010_FrameNumber = 23
Seq_Frame0010_ProbeToTrackerTransform = 0.975259 0.151258 0.161218 -300.325 -0.165921 0.982751 0.0816725 -82.5123 -0.146084 -0.106401 0.983534 -1481.25 0 0 0 1 
Seq_Frame0010_ProbeToTrackerTransformStatus = OK
Seq_Frame0010_ReferenceToTrackerTransform = -0.0809722 0.995723 -0.044496 -316.774 -0.986158 -0.0735539 0.148602 -87.8747 0.144693 0.0559127 0.987896 -1526.87 0 0 0 1
Seq_Frame0010_Stylus = -0.0809722 -0.986158 0.144693 108.619 0.995723 -0.0735539 0.0559127 394.327 -0.044496 0.148602 0.987896 1507.35 0 0 0 1
Seq_Frame0010_Timestamp = 1898165.301000
Seq_Frame0010_UnfilteredTimestamp = 1898165.301000
Seq_Frame0010_ImageStatus = OK
Seq_Frame0011_FrameNumber = 25
Seq_Frame0011_ProbeToTrackerTransform = 0.975258 0.151273 0.161212 -300.323 -0.16593 0.982753 0.0816343 -82.4399 -0.146082 -0.106364 0.983538 -1481.26 0 0 0 1 
Seq_Frame0011_ProbeToTrackerTransformStatus = OK
Seq_Frame0011_ReferenceToTrackerTransform = -0.0809403 0.995723 -0.044544 -316.776 -0.986159 -0.0735147 0.148613 -87.8685 0.144703 0.0559563 0.987892 -1526.86 0 0 0 1
Seq_Frame0011_Stylus = -0.0809403 -0.986159 0.144703 108.649 0.995723 -0.0735147 0.0559563 394.399 -0.044544 0.148613 0.987892 1507.32 0 0 0 1
Seq_Frame0011_Timestamp = 1898165.323000
Seq_Frame0011_UnfilteredTimestamp = 1898165.323000
Seq_Frame0011_ImageStatus = OK
Seq_Frame0012_FrameNumber = 27
Seq_Frame0012_ProbeToTrackerTransform = 0.97524 0.151291 0.161304 -300.327 -0.165955 0.98275 0.0816187 -82.3635 -0.146174 -0.106367 0.983524 -1481.28 0 0 0 1 
Seq_Frame0012_ProbeToTrackerTransformStatus = OK
Seq_Frame0012_ReferenceToTrackerTransform = -0.0809375 0.995727 -0.044469 -316.772 -0.98617 -0.0735271 0.148535 -87.8697 0.144631 0.055876 0.987907 -1526.88 0 0 0 1
Seq_Frame0012_Stylus = -0.0809375 -0.98617 0.144631 108.54 0.995727 -0.0735271 0.055876 394.274 -0.044469 0.148535 0.987907 1507.38 0 0 0 1
Seq_Frame0012_Timestamp = 1898165.341000
Seq_Frame0012_UnfilteredTimestamp = 1898165.341000
Seq_Frame0012_ImageStatus = OK
Seq_Frame0013_FrameNumber = 29
Seq_Frame0013_ProbeToTrackerTransform = 0.975211 0.151307 0.161462 -300.325 -0.165989 0.982744 0.081618 -82.2942 -0.146327 -0.106395 0.983498 -1481.29 0 0 0 1 
Seq_Frame0013_ProbeToTrackerTransformStatus = OK
Seq_Frame0013_ReferenceToTrackerTransform = -0.080939 0.995723 -0.0445541 -316.774 -0.986169 -0.0735156 0.148547 -87.863 0.144636 0.0559611 0.987901 -1526.86 0 0 0 1
Seq_Frame0013_Stylus = -0.080939 -0.986169 0.144636 108.552 0.995723 -0.0735156 0.0559611 394.405 -0.0445541 0.148547 0.987901 1507.32 0 0 0 1
Seq_Frame0013_Timestamp = 1898165.361000
Seq_Frame0013_UnfilteredTimestamp = 1898165.361000
Seq_Frame0013_ImageStatus = OK
Seq_Frame0014_FrameNumber = 31
Seq_Frame0014_ProbeToTrackerTransform = 0.975221 0.151275 0.161433 -300.325 -0.165955 0.982749 0.0816278 -82.2244 -0.1463 -0.106396 0.983502 -1481.3 0 0 0 1 
Seq_Frame0014_ProbeToTrackerTransformStatus = OK
Seq_Frame0014_ReferenceToTrackerTransform = -0.0808739 0.995728 -0.0445514 -316.774 -0.986159 -0.0734458 0.148648 -87.8607 0.144741 0.0559565 0.987886 -1526.86 0 0 0 1
Seq_Frame0014_Stylus = -0.0808739 -0.986159 0.144741 108.737 0.995728 -0.0734458 0.0559565 394.406 -0.0445514 0.148648 0.987886 1507.32 0 0 0 1
Seq_Frame0014_Timestamp = 1898165.385000
Seq_Frame0014_UnfilteredTimestamp = 1898165.385000
Seq_Frame0014_ImageStatus = OK
Seq_Frame0015_FrameNumber = 34
Seq_Frame0015_ProbeToTrackerTransform = 0.975245 0.151281 0.161279 -300.332 -0.165941 0.982753 0.081604 -82.1164 -0.146152 -0.106347 0.983529 -1481.34 0 0 0 1 
Seq_Frame0015_ProbeToTrackerTransformStatus = OK
Seq_Frame0015_ReferenceToTrackerTransform = -0.0809095 0.995727 -0.0445021 -316.775 -0.986169 -0.0734933 0.148557 -87.8633 0.144652 0.0559063 0.987902 -1526.86 0 0 0 1
Seq_Frame0015_Stylus = -0.0809095 -0.986169 0.144652 108.585 0.995727 -0.0734933 0.0559063 394.325 -0.0445021 0.148557 0.987902 1507.34 0 0 0 1
Seq_Frame0015_Timestamp = 1898165.406000
Seq_Frame0015_UnfilteredTimestamp = 1898165.406000
Seq_Frame0015_ImageStatus = OK
Seq_Frame0016_FrameNumber = 36
Seq_Frame0016_ProbeToTrackerTransform = 0.975263 0.151276 0.161178 -300.334 -0.165932 0.982751 0.0816524 -82.0424 -0.146045 -0.106377 0.983542 -1481.36 0 0 0 1 
Seq_Frame0016_ProbeToTrackerTransformStatus = OK
Seq_Frame0016_ReferenceToTrackerTransform = -0.0808864 0.995727 -0.0445634 -316.774 -0.986169 -0.0734607 0.148572 -87.8641 0.144663 0.0559645 0.987897 -1526.86 0 0 0 1
Seq_Frame0016_Stylus = -0.0808864 -0.986169 0.144663 108.609 0.995727 -0.0734607 0.0559645 394.416 -0.0445634 0.148572 0.987897 1507.32 0 0 0 1
Seq_Frame0016_Timestamp = 1898165.425000
Seq_Frame0016_UnfilteredTimestamp = 1898165.425000
Seq_Frame0016_ImageStatus = OK
Seq_Frame0017_FrameNumber = 38
Seq_Frame0017_ProbeToTrackerTransform = 0.975255 0.151279 0.161221 -300.335 -0.16593 0.982757 0.0815902 -81.9675 -0.146099 -0.106323 0.98354 -1481.37 0 0 0 1 
Seq_Frame0017_ProbeToTrackerTransformStatus = OK
Seq_Frame0017_ReferenceToTrackerTransform = -0.080918 0.995727 -0.044498 -316.773 -0.98617 -0.0735029 0.148549 -87.8711 0.144644 0.0559028 0.987903 -1526.87 0 0 0 1
Seq_Frame0017_Stylus = -0.080918 -0.98617 0.144644 108.564 0.995727 -0.0735029 0.0559028 394.317 -0.044498 0.148549 0.987903 1507.36 0 0 0 1
Seq_Frame0017_Timestamp = 1898165.446000
Seq_Frame0017_UnfilteredTimestamp = 1898165.446000
Seq_Frame0017_ImageStatus = OK
Seq_Frame0018_FrameNumber = 40
Seq_Frame0018_ProbeToTrackerTransform = 0.975252 0.151272 0.161249 -300.331 -0.165928 0.982756 0.0815965 -81.8948 -0.146126 -0.106333 0.983534 -1481.39 0 0 0 1 
Seq_Frame0018_ProbeToTrackerTransformStatus = OK
Seq_Frame0018_ReferenceToTrackerTransform = -0.0809252 0.995726 -0.0444987 -316.777 -0.986167 -0.0735091 0.148563 -87.8694 0.144657 0.0559056 0.987901 -1526.86 0 0 0 1
Seq_Frame0018_Stylus = -0.0809252 -0.986167 0.144657 108.582 0.995726 -0.0735091 0.0559056 394.324 -0.0444987 0.148563 0.987901 1507.34 0 0 0 1
Seq_Frame0018_Timestamp = 1898165.465000
Seq_Frame0018_UnfilteredTimestamp = 1898165.465000
Seq_Frame0018_ImageStatus = OK
Seq_Frame0019_FrameNumber = 42
Seq_Frame0019_ProbeToTrackerTransform = 0.97524 0.151267 0.161326 -300.337 -0.165927 0.982758 0.0815663 -81.8196 -0.146206 -0.106315 0.983525 -1481.4 0 0 0 1 
Seq_Frame0019_ProbeToTrackerTransformStatus = OK
Seq_Frame0019_ReferenceToTrackerTransform = -0.0809372 0.995725 -0.0445115 -316.773 -0.986163 -0.073518 0.148583 -87.8743 0.144675 0.0559215 0.987898 -1526.87 0 0 0 1
Seq_Frame0019_Stylus = -0.0809372 -0.986163 0.144675 108.604 0.995725 -0.073518 0.0559215 394.343 -0.0445115 0.148583 0.987898 1507.35 0 0 0 1
Seq_Frame0019_Timestamp = 1898165.486000
Seq_Frame0019_UnfilteredTimestamp = 1898165.486000
Seq_Frame0019_ImageStatus = OK
Seq_Frame0020_FrameNumber = 44
Seq_Frame0020_ProbeToTrackerTransform = 0.975223 0.151286 0.161412 -300.335 -0.165966 0.982746 0.0816394 -81.7466 -0.146277 -0.106405 0.983504 -1481.42 0 0 0 1 
Seq_Frame0020_ProbeToTrackerTransformStatus = OK
Seq_Frame0020_ReferenceToTrackerTransform = -0.0810013 0.995721 -0.0444815 -316.777 -0.98617 -0.0735904 0.148502 -87.882 0.144593 0.0558952 0.987911 -1526.88 0 0 0 1
Seq_Frame0020_Stylus = -0.0810013 -0.98617 0.144593 108.45 0.995721 -0.0735904 0.0558952 394.299 -0.0444815 0.148502 0.987911 1507.38 0 0 0 1
Seq_Frame0020_Timestamp = 1898165.505000
Seq_Frame0020_UnfilteredTimestamp = 1898165.505000
Seq_Frame0020_ImageStatus = OK
Seq_Frame0021_FrameNumber = 46
Seq_Frame0021_ProbeToTrackerTransform = 0.975246 0.151238 0.16132 -300.33 -0.16592 0.982748 0.0817251 -81.6756 -0.146177 -0.106468 0.983512 -1481.45 0 0 0 1 
Seq_Frame0021_ProbeToTrackerTransformStatus = OK
Seq_Frame0021_ReferenceToTrackerTransform = -0.0810076 0.995718 -0.0445443 -316.778 -0.986164 -0.0735849 0.148548 -87.8765 0.144634 0.0559615 0.987901 -1526.87 0 0 0 1
Seq_Frame0021_Stylus = -0.0810076 -0.986164 0.144634 108.515 0.995718 -0.0735849 0.0559615 394.4 -0.0445443 0.148548 0.987901 1507.34 0 0 0 1
Seq_Frame0021_Timestamp = 1898165.524900
Seq_Frame0021_UnfilteredTimestamp = 1898165.526000
Seq_Frame0021_ImageStatus = OK
Seq_Frame0022_FrameNumber = 48
Seq_Frame0022_ProbeToTrackerTransform = 0.97527 0.151244 0.161161 -300.336 -0.165917 0.982743 0.0817782 -81.5996 -0.146012 -0.106495 0.983534 -1481.47 0 0 0 1 
Seq_Frame0022_ProbeToTrackerTransformStatus = OK
Seq_Frame0022_ReferenceToTrackerTransform = -0.0809802 0.995722 -0.0445026 -316.775 -0.986175 -0.0735677 0.148478 -87.8773 0.144569 0.0559112 0.987914 -1526.88 0 0 0 1
Seq_Frame0022_Stylus = -0.0809802 -0.986175 0.144569 108.425 0.995722 -0.0735677 0.0559112 394.324 -0.0445026 0.148478 0.987914 1507.37 0 0 0 1
Seq_Frame0022_Timestamp = 1898165.544801
Seq_Frame0022_UnfilteredTimestamp = 1898165.545000
Seq_Frame0022_ImageStatus = OK
Seq_Frame0023_FrameNumber = 50
Seq_Frame0023_ProbeToTrackerTransform = 0.975264 0.151261 0.161184 -300.332 -0.165926 0.982747 0.0817099 -81.526 -0.146043 -0.106433 0.983536 -1481.48 0 0 0 1 
Seq_Frame0023_ProbeToTrackerTransformStatus = OK
Seq_Frame0023_ReferenceToTrackerTransform = -0.0810011 0.995721 -0.0444737 -316.778 -0.986171 -0.0735916 0.148496 -87.8769 0.144588 0.055887 0.987912 -1526.87 0 0 0 1
Seq_Frame0023_Stylus = -0.0810011 -0.986171 0.144588 108.446 0.995721 -0.0735916 0.055887 394.288 -0.0444737 0.148496 0.987912 1507.38 0 0 0 1
Seq_Frame0023_Timestamp = 1898165.564702
Seq_Frame0023_UnfilteredTimestamp = 1898165.566000
Seq_Frame0023_ImageStatus = OK
Seq_Frame0024_FrameNumber = 52
Seq_Frame0024_ProbeToTrackerTransform = 0.975265 0.151266 0.161175 -300.33 -0.165914 0.982758 0.0816037 -81.4532 -0.146052 -0.106327 0.983546 -1481.5 0 0 0 1 
Seq_Frame0024_ProbeToTrackerTransformStatus = OK
Seq_Frame0024_ReferenceToTrackerTransform = -0.0809443 0.995725 -0.0445041 -316.778 -0.986169 -0.0735284 0.148541 -87.8725 0.144634 0.0559121 0.987904 -1526.87 0 0 0 1
Seq_Frame0024_Stylus = -0.0809443 -0.986169 0.144634 108.539 0.995725 -0.0735284 0.0559121 394.334 -0.0445041 0.148541 0.987904 1507.36 0 0 0 1
Seq_Frame0024_Timestamp = 1898165.584605
Seq_Frame0024_UnfilteredTimestamp = 1898165.585000
Seq_Frame0024_ImageStatus = OK
Seq_Frame0025_FrameNumber = 54
Seq_Frame0025_ProbeToTrackerTransform = 0.975242 0.15129 0.161292 -300.333 -0.165944 0.982756 0.0815555 -81.378 -0.146172 -0.106302 0.983532 -1481.52 0 0 0 1 
Seq_Frame0025_ProbeToTrackerTransformStatus = OK
Seq_Frame0025_ReferenceToTrackerTransform = -0.0809632 0.995723 -0.0445129 -316.775 -0.986178 -0.07355 0.148469 -87.8732 0.14456 0.0559182 0.987915 -1526.88 0 0 0 1
Seq_Frame0025_Stylus = -0.0809632 -0.986178 0.14456 108.419 0.995723 -0.07355 0.0559182 394.337 -0.0445129 0.148469 0.987915 1507.37 0 0 0 1
Seq_Frame0025_Timestamp = 1898165.604508
Seq_Frame0025_UnfilteredTimestamp = 1898165.606000
Seq_Frame0025_ImageStatus = OK
Seq_Frame0026_FrameNumber = 56
Seq_Frame0026_ProbeToTrackerTransform = 0.975225 0.151256 0.161419 -300.326 -0.165928 0.982757 0.0815875 -81.3126 -0.146295 -0.106351 0.983507 -1481.53 0 0 0 1 
Seq_Frame0026_ProbeToTrackerTransformStatus = OK
Seq_Frame0026_ReferenceToTrackerTransform = -0.0809992 0.995721 -0.044478 -316.778 -0.986165 -0.0735868 0.148538 -87.874 0.14463 0.0558941 0.987906 -1526.87 0 0 0 1
Seq_Frame0026_Stylus = -0.0809992 -0.986165 0.14463 108.514 0.995721 -0.0735868 0.0558941 394.3 -0.044478 0.148538 0.987906 1507.37 0 0 0 1
Seq_Frame0026_Timestamp = 1898165.624412
Seq_Frame0026_UnfilteredTimestamp = 1898165.625000
Seq_Frame0026_ImageStatus = OK
Seq_Frame0027_FrameNumber = 58
Seq_Frame0027_ProbeToTrackerTransform = 0.975238 0.151278 0.161331 -300.335 -0.165953 0.982745 0.0816698 -81.2365 -0.146193 -0.10642 0.983515 -1481.55 0 0 0 1 
Seq_Frame0027_ProbeToTrackerTransformStatus = OK
Seq_Frame0027_ReferenceToTrackerTransform = -0.0809949 0.995726 -0.0443888 -316.779 -0.986172 -0.0735985 0.148483 -87.8772 0.144581 0.0558013 0.987918 -1526.88 0 0 0 1
Seq_Frame0027_Stylus = -0.0809949 -0.986172 0.144581 108.438 0.995726 -0.0735985 0.0558013 394.159 -0.0443888 0.148483 0.987918 1507.42 0 0 0 1
Seq_Frame0027_Timestamp = 1898165.644318
Seq_Frame0027_UnfilteredTimestamp = 1898165.645000
Seq_Frame0027_ImageStatus = OK
Seq_Frame0028_FrameNumber = 60
Seq_Frame0028_ProbeToTrackerTransform = 0.975257 0.15125 0.161243 -300.337 -0.165929 0.982742 0.0817641 -81.167 -0.146094 -0.106496 0.983522 -1481.58 0 0 0 1 
Seq_Frame0028_ProbeToTrackerTransformStatus = OK
Seq_Frame0028_ReferenceToTrackerTransform = -0.0809971 0.995725 -0.0444063 -316.776 -0.986172 -0.0735981 0.148485 -87.8783 0.144582 0.0558191 0.987917 -1526.88 0 0 0 1
Seq_Frame0028_Stylus = -0.0809971 -0.986172 0.144582 108.438 0.995725 -0.0735981 0.0558191 394.183 -0.0444063 0.148485 0.987917 1507.41 0 0 0 1
Seq_Frame0028_Timestamp = 1898165.664223
Seq_Frame0028_UnfilteredTimestamp = 1898165.666000
Seq_Frame0028_ImageStatus = OK
Seq_Frame0029_FrameNumber = 62
Seq_Frame0029_ProbeToTrackerTransform = 0.975264 0.151236 0.161201 -300.333 -0.165905 0.982749 0.0817251 -81.0985 -0.146061 -0.106448 0.983532 -1481.6 0 0 0 1 
Seq_Frame0029_ProbeToTrackerTransformStatus = OK
Seq_Frame0029_ReferenceToTrackerTransform = -0.0809734 0.995723 -0.044481 -316.779 -0.98616 -0.0735581 0.148585 -87.8738 0.144678 0.0558968 0.987899 -1526.87 0 0 0 1
Seq_Frame0029_Stylus = -0.0809734 -0.98616 0.144678 108.596 0.995723 -0.0735581 0.0558968 394.307 -0.044481 0.148585 0.987899 1507.35 0 0 0 1
Seq_Frame0029_Timestamp = 1898165.684131
Seq_Frame0029_UnfilteredTimestamp = 1898165.685000
Seq_Frame0029_ImageStatus = OK
Seq_Frame0030_FrameNumber = 64
Seq_Frame0030_ProbeToTrackerTransform = 0.975224 0.151077 0.161597 -300.32 -0.165665 0.982858 0.0808985 -81.0485 -0.146605 -0.105665 0.983535 -1481.61 0 0 0 1 
Seq_Frame0030_ProbeToTrackerTransformStatus = OK
Seq_Frame0030_ReferenceToTrackerTransform = -0.080722 0.995769 -0.0438999 -316.777 -0.986298 -0.0734415 0.147725 -87.8783 0.143876 0.0552231 0.988054 -1526.88 0 0 0 1
Seq_Frame0030_Stylus = -0.0809439 -0.986176 0.144584 108.457 0.995729 -0.0735445 0.0558177 394.187 -0.0444127 0.148484 0.987917 1507.41 0 0 0 1
Seq_Frame0030_Timestamp = 1898165.704039
Seq_Frame0030_UnfilteredTimestamp = 1898165.706000
Seq_Frame0030_ImageStatus = OK
Seq_Frame0031_FrameNumber = 66
Seq_Frame0031_ProbeToTrackerTransform = 0.975259 0.151256 0.161215 -300.34 -0.165909 0.982759 0.0816076 -80.9482 -0.146092 -0.106336 0.983539 -1481.62 0 0 0 1 
Seq_Frame0031_ProbeToTrackerTransformStatus = OK
Seq_Frame0031_ReferenceToTrackerTransform = -0.0809716 0.995725 -0.0444336 -316.777 -0.98617 -0.0735671 0.148517 -87.8761 0.144613 0.0558447 0.987911 -1526.87 0 0 0 1
Seq_Frame0031_Stylus = -0.0809716 -0.98617 0.144613 108.494 0.995725 -0.0735671 0.0558447 394.225 -0.0444336 0.148517 0.987911 1507.39 0 0 0 1
Seq_Frame0031_Timestamp = 1898165.723950
Seq_Frame0031_UnfilteredTimestamp = 1898165.726000
Seq_Frame0031_ImageStatus = OK
Seq_Frame0032_FrameNumber = 68
Seq_Frame0032_ProbeToTrackerTransform = 0.975227 0.151275 0.161391 -300.339 -0.165936 0.982761 0.0815323 -80.8719 -0.146274 -0.106293 0.983516 -1481.63 0 0 0 1 
Seq_Frame0032_ProbeToTrackerTransformStatus = OK
Seq_Frame0032_ReferenceToTrackerTransform = -0.0809266 0.995728 -0.0444543 -316.778 -0.98617 -0.0735181 0.148542 -87.8735 0.144639 0.0558604 0.987906 -1526.87 0 0 0 1
Seq_Frame0032_Stylus = -0.0809266 -0.98617 0.144639 108.55 0.995728 -0.0735181 0.0558604 394.256 -0.0444543 0.148542 0.987906 1507.37 0 0 0 1
Seq_Frame0032_Timestamp = 1898165.743862
Seq_Frame0032_UnfilteredTimestamp = 1898165.746000
Seq_Frame0032_ImageStatus = OK
Seq_Frame0033_FrameNumber = 70
Seq_Frame0033_ProbeToTrackerTransform = 0.975229 0.151287 0.161372 -300.344 -0.165954 0.982752 0.0815844 -80.7958 -0.146246 -0.106344 0.983516 -1481.64 0 0 0 1 
Seq_Frame0033_ProbeToTrackerTransformStatus = OK
Seq_Frame0033_ReferenceToTrackerTransform = -0.0809481 0.995728 -0.0444182 -316.774 -0.986173 -0.0735468 0.148504 -87.8793 0.144603 0.0558252 0.987914 -1526.87 0 0 0 1
Seq_Frame0033_Stylus = -0.0809481 -0.986173 0.144603 108.484 0.995728 -0.0735468 0.0558252 394.195 -0.0444182 0.148504 0.987914 1507.4 0 0 0 1
Seq_Frame0033_Timestamp = 1898165.763777
Seq_Frame0033_UnfilteredTimestamp = 1898165.765000
Seq_Frame0033_ImageStatus = OK
Seq_Frame0034_FrameNumber = 72
Seq_Frame0034_ProbeToTrackerTransform = 0.975244 0.151272 0.161298 -300.34 -0.165936 0.982754 0.0816175 -80.7265 -0.146169 -0.106362 0.983525 -1481.67 0 0 0 1 
Seq_Frame0034_ProbeToTrackerTransformStatus = OK
Seq_Frame0034_ReferenceToTrackerTransform = -0.0809424 0.995727 -0.0444538 -316.779 -0.986169 -0.0735339 0.14854 -87.8739 0.144636 0.0558622 0.987907 -1526.86 0 0 0 1
Seq_Frame0034_Stylus = -0.0809424 -0.986169 0.144636 108.541 0.995727 -0.0735339 0.0558622 394.258 -0.0444538 0.14854 0.987907 1507.37 0 0 0 1
Seq_Frame0034_Timestamp = 1898165.783692
Seq_Frame0034_UnfilteredTimestamp = 1898165.786000
Seq_Frame0034_ImageStatus = OK
Seq_Frame0035_FrameNumber = 74
Seq_Frame0035_ProbeToTrackerTransform = 0.975257 0.151254 0.161233 -300.346 -0.165932 0.982742 0.081761 -80.6524 -0.146085 -0.106492 0.983524 -1481.69 0 0 0 1 
Seq_Frame0035_ProbeToTrackerTransformStatus = OK
Seq_Frame0035_ReferenceToTrackerTransform = -0.0809414 0.995729 -0.044412 -316.776 -0.986174 -0.0735412 0.1485 -87.8749 0.1446 0.0558178 0.987915 -1526.87 0 0 0 1
Seq_Frame0035_Stylus = -0.0809414 -0.986174 0.1446 108.485 0.995729 -0.0735412 0.0558178 394.187 -0.044412 0.1485 0.987915 1507.4 0 0 0 1
Seq_Frame0035_Timestamp = 1898165.803610
Seq_Frame0035_UnfilteredTimestamp = 1898165.805000
Seq_Frame0035_ImageStatus = OK
Seq_Frame0036_FrameNumber = 76
Seq_Frame0036_ProbeToTrackerTransform = 0.97527 0.151262 0.161144 -300.341 -0.165923 0.982748 0.0817121 -80.579 -0.146004 -0.106429 0.983543 -1481.72 0 0 0 1 
Seq_Frame0036_ProbeToTrackerTransformStatus = OK
Seq_Frame0036_ReferenceToTrackerTransform = -0.0809658 0.995728 -0.0443935 -316.777 -0.986175 -0.0735691 0.148482 -87.8767 0.144582 0.0558017 0.987918 -1526.87 0 0 0 1
Seq_Frame0036_Stylus = -0.0809658 -0.986175 0.144582 108.447 0.995728 -0.0735691 0.0558017 394.16 -0.0443935 0.148482 0.987918 1507.41 0 0 0 1
Seq_Frame0036_Timestamp = 1898165.823530
Seq_Frame0036_UnfilteredTimestamp = 1898165.827000
Seq_Frame0036_ImageStatus = OK
Seq_Frame0037_FrameNumber = 78
Seq_Frame0037_ProbeToTrackerTransform = 0.975275 0.15127 0.161108 -300.334 -0.165913 0.982758 0.0816155 -80.5105 -0.145984 -0.106328 0.983556 -1481.73 0 0 0 1 
Seq_Frame0037_ProbeToTrackerTransformStatus = OK
Seq_Frame0037_ReferenceToTrackerTransform = -0.080958 0.995726 -0.0444534 -316.779 -0.986156 -0.073545 0.148618 -87.8681 0.144714 0.0558698 0.987895 -1526.86 0 0 0 1
Seq_Frame0037_Stylus = -0.080958 -0.986156 0.144714 108.66 0.995726 -0.073545 0.0558698 394.268 -0.0444534 0.148618 0.987895 1507.35 0 0 0 1
Seq_Frame0037_Timestamp = 1898165.843453
Seq_Frame0037_UnfilteredTimestamp = 1898165.846000
Seq_Frame0037_ImageStatus = OK
Seq_Frame0038_FrameNumber = 80
Seq_Frame0038_ProbeToTrackerTransform = 0.975224 0.15044 0.162191 -300.297 -0.164733 0.983206 0.0785366 -80.595 -0.147651 -0.103309 0.983629 -1481.74 0 0 0 1 
Seq_Frame0038_ProbeToTrackerTransformStatus = OK
Seq_Frame0038_ReferenceToTrackerTransform = -0.080054 0.995846 -0.0433889 -316.768 -0.98673 -0.0730022 0.145032 -87.8621 0.141262 0.0544235 0.988475 -1526.91 0 0 0 1
Seq_Frame0038_Stylus = -0.08085 -0.986225 0.144302 108.074 0.99574 -0.0734805 0.0556973 394.007 -0.0443266 0.148191 0.987965 1507.51 0 0 0 1
Seq_Frame0038_Timestamp = 1898165.863378
Seq_Frame0038_UnfilteredTimestamp = 1898165.866000
Seq_Frame0038_ImageStatus = OK
Seq_Frame0039_FrameNumber = 82
Seq_Frame0039_ProbeToTrackerTransform = 0.975265 0.151135 0.161296 -300.337 -0.16577 0.982797 0.0814364 -80.4236 -0.146213 -0.10616 0.98354 -1481.77 0 0 0 1 
Seq_Frame0039_ProbeToTrackerTransformStatus = OK
Seq_Frame0039_ReferenceToTrackerTransform = -0.0808721 0.99574 -0.0442798 -316.765 -0.986272 -0.073528 0.147858 -87.868 0.143972 0.0556295 0.988017 -1526.96 0 0 0 1
Seq_Frame0039_Stylus = -0.0808721 -0.986272 0.143972 107.56 0.99574 -0.073528 0.0556295 393.899 -0.0442798 0.147858 0.988017 1507.62 0 0 0 1
Seq_Frame0039_Timestamp = 1898165.883306
Seq_Frame0039_UnfilteredTimestamp = 1898165.885000
Seq_Frame0039_ImageStatus = OK
Seq_Frame0040_FrameNumber = 84
Seq_Frame0040_ProbeToTrackerTransform = 0.975396 0.149585 0.161945 -300.325 -0.163774 0.983404 0.0780572 -80.5188 -0.147581 -0.102659 0.983708 -1481.76 0 0 0 1 
Seq_Frame0040_ProbeToTrackerTransformStatus = OK
Seq_Frame0040_ReferenceToTrackerTransform = -0.0792199 0.995892 -0.0438457 -316.761 -0.986952 -0.072172 0.143932 -87.8602 0.140176 0.0546759 0.988616 -1526.99 0 0 0 1
Seq_Frame0040_Stylus = -0.0807644 -0.986317 0.143725 107.225 0.99575 -0.0734397 0.0555671 393.813 -0.0442517 0.147602 0.988056 1507.7 0 0 0 1
Seq_Frame0040_Timestamp = 1898165.903236
Seq_Frame0040_UnfilteredTimestamp = 1898165.906000
Seq_Frame0040_ImageStatus = OK
Seq_Frame0041_FrameNumber = 86
Seq_Frame0041_ProbeToTrackerTransform = 0.975072 0.150796 0.162774 -300.292 -0.164979 0.983258 0.077375 -80.523 -0.14838 -0.1023 0.983625 -1481.77 0 0 0 1 
Seq_Frame0041_ProbeToTrackerTransformStatus = OK
Seq_Frame0041_ReferenceToTrackerTransform = -0.0804185 0.995836 -0.0429431 -316.749 -0.986963 -0.073528 0.143172 -87.8657 0.139418 0.0538969 0.988766 -1527.03 0 0 0 1
Seq_Frame0041_Stylus = -0.0807342 -0.986373 0.143352 106.662 0.995758 -0.0734476 0.0554225 393.584 -0.0441384 0.147218 0.988119 1507.84 0 0 0 1
Seq_Frame0041_Timestamp = 1898165.923169
Seq_Frame0041_UnfilteredTimestamp = 1898165.925000
Seq_Frame0041_ImageStatus = OK
Seq_Frame0042_FrameNumber = 88
Seq_Frame0042_ProbeToTrackerTransform = 0.975647 0.148442 0.161493 -300.357 -0.162582 0.983598 0.0781171 -80.4422 -0.147248 -0.10247 0.983777 -1481.77 0 0 0 1 
Seq_Frame0042_ProbeToTrackerTransformStatus = OK
Seq_Frame0042_ReferenceToTrackerTransform = -0.0780727 0.99596 -0.044376 -316.749 -0.987135 -0.0709978 0.143263 -87.8604 0.139533 0.05499 0.988689 -1527.05 0 0 0 1
Seq_Frame0042_Stylus = -0.0806417 -0.9864 0.143219 106.494 0.995765 -0.0733625 0.0554072 393.572 -0.0441468 0.147081 0.988139 1507.88 0 0 0 1
Seq_Frame0042_Timestamp = 1898165.943103
Seq_Frame0042_UnfilteredTimestamp = 1898165.946000
Seq_Frame0042_ImageStatus = OK
Seq_Frame0043_FrameNumber = 90
Seq_Frame0043_ProbeToTrackerTransform = 0.974946 0.150517 0.163783 -300.254 -0.164767 0.983311 0.0771374 -80.4678 -0.149439 -0.102191 0.983476 -1481.81 0 0 0 1 
Seq_Frame0043_ProbeToTrackerTransformStatus = OK
Seq_Frame0043_ReferenceToTrackerTransform = -0.0800168 0.995918 -0.0417675 -316.741 -0.987082 -0.0733327 0.14245 -87.8653 0.138806 0.0526264 0.98892 -1527.09 0 0 0 1
Seq_Frame0043_Stylus = -0.0805878 -0.986459 0.142842 105.932 0.995778 -0.0733604 0.0551695 393.207 -0.0439435 0.146685 0.988207 1508.05 0 0 0 1
Seq_Frame0043_Timestamp = 1898165.963040
Seq_Frame0043_UnfilteredTimestamp = 1898165.965000
Seq_Frame0043_ImageStatus = OK
Seq_Frame0044_FrameNumber = 92
Seq_Frame0044_ProbeToTrackerTransform = 0.975381 0.149817 0.161821 -300.349 -0.163785 0.983513 0.0766676 -80.456 -0.147666 -0.101284 0.983837 -1481.78 0 0 0 1 
Seq_Frame0044_ProbeToTrackerTransformStatus = OK
Seq_Frame0044_ReferenceToTrackerTransform = -0.0794252 0.995879 -0.043773 -316.737 -0.987274 -0.072518 0.141532 -87.8687 0.137774 0.0544572 0.988965 -1527.11 0 0 0 1
Seq_Frame0044_Stylus = -0.0805457 -0.986489 0.142658 105.662 0.995782 -0.07333 0.0551435 393.168 -0.0439373 0.146498 0.988235 1508.1 0 0 0 1
Seq_Frame0044_Timestamp = 1898165.982980
Seq_Frame0044_UnfilteredTimestamp = 1898165.986000
Seq_Frame0044_ImageStatus = OK
Seq_Frame0045_FrameNumber = 94
Seq_Frame0045_ProbeToTrackerTransform = 0.975279 0.148529 0.163612 -300.271 -0.162773 0.983629 0.0773249 -80.3989 -0.149448 -0.102045 0.98349 -1481.84 0 0 0 1 
Seq_Frame0045_ProbeToTrackerTransformStatus = OK
Seq_Frame0045_ReferenceToTrackerTransform = -0.0780191 0.996064 -0.0420574 -316.733 -0.987305 -0.0713408 0.141916 -87.8643 0.138357 0.0525956 0.988985 -1527.14 0 0 0 1
Seq_Frame0045_Stylus = -0.0804725 -0.986513 0.142534 105.501 0.99579 -0.0732726 0.0550696 393.06 -0.0438831 0.146365 0.988257 1508.16 0 0 0 1
Seq_Frame0045_Timestamp = 1898166.002922
Seq_Frame0045_UnfilteredTimestamp = 1898166.005000
Seq_Frame0045_ImageStatus = OK
Seq_Frame0046_FrameNumber = 96
Seq_Frame0046_ProbeToTrackerTransform = 0.975253 0.150857 0.161631 -300.356 -0.165503 0.982855 0.0812767 -80.2031 -0.146598 -0.106016 0.983499 -1481.83 0 0 0 1 
Seq_Frame0046_ProbeToTrackerTransformStatus = OK
Seq_Frame0046_ReferenceToTrackerTransform = -0.0804665 0.995793 -0.0438315 -316.728 -0.986544 -0.0732861 0.14615 -87.8719 0.142323 0.0550019 0.988291 -1527.16 0 0 0 1
Seq_Frame0046_Stylus = -0.0804665 -0.986544 0.142323 105.175 0.995793 -0.0732861 0.0550019 392.953 -0.0438315 0.14615 0.988291 1508.24 0 0 0 1
Seq_Frame0046_Timestamp = 1898166.022866
Seq_Frame0046_UnfilteredTimestamp = 1898166.026000
Seq_Frame0046_ImageStatus = OK
Seq_Frame0047_FrameNumber = 98
Seq_Frame0047_ProbeToTrackerTransform = 0.975139 0.149399 0.163658 -300.265 -0.163502 0.983586 0.0763214 -80.4072 -0.149569 -0.101183 0.983561 -1481.85 0 0 0 1 
Seq_Frame0047_ProbeToTrackerTransformStatus = OK
Seq_Frame0047_ReferenceToTrackerTransform = -0.078911 0.996008 -0.0417205 -316.727 -0.987408 -0.0723366 0.140686 -87.8732 0.137107 0.0522968 0.989175 -1527.19 0 0 0 1
Seq_Frame0047_Stylus = -0.0804195 -0.986571 0.142166 104.95 0.9958 -0.0732577 0.0549203 392.832 -0.043768 0.145986 0.988318 1508.31 0 0 0 1
Seq_Frame0047_Timestamp = 1898166.042814
Seq_Frame0047_UnfilteredTimestamp = 1898166.045000
Seq_Frame0047_ImageStatus = OK
Seq_Frame0048_FrameNumber = 100
Seq_Frame0048_ProbeToTrackerTransform = 0.975055 0.15036 0.163275 -300.28 -0.164316 0.98351 0.0755556 -80.4353 -0.149221 -0.100499 0.983683 -1481.83 0 0 0 1 
Seq_Frame0048_ProbeToTrackerTransformStatus = OK
Seq_Frame0048_ReferenceToTrackerTransform = -0.0799225 0.995913 -0.042073 -316.726 -0.987427 -0.0733254 0.140041 -87.8709 0.136383 0.0527365 0.989251 -1527.19 0 0 0 1
Seq_Frame0048_Stylus = -0.08041 -0.986587 0.142058 104.789 0.995802 -0.0732591 0.0548793 392.771 -0.0437362 0.145874 0.988336 1508.35 0 0 0 1
Seq_Frame0048_Timestamp = 1898166.062763
Seq_Frame0048_UnfilteredTimestamp = 1898166.071000
Seq_Frame0048_ImageStatus = OK
Seq_Frame0049_FrameNumber = 102
Seq_Frame0049_ProbeToTrackerTransform = 0.975148 0.150689 0.16242 -300.318 -0.164481 0.983523 0.0750355 -80.4376 -0.148436 -0.099886 0.983865 -1481.83 0 0 0 1 
Seq_Frame0049_ProbeToTrackerTransformStatus = OK
Seq_Frame0049_ReferenceToTrackerTransform = -0.080288 0.995848 -0.0428967 -316.717 -0.987492 -0.073608 0.139435 -87.8766 0.135699 0.0535551 0.989302 -1527.22 0 0 0 1
Seq_Frame0049_Stylus = -0.0804065 -0.986613 0.141878 104.513 0.995803 -0.073269 0.054842 392.705 -0.0437125 0.145693 0.988364 1508.41 0 0 0 1
Seq_Frame0049_Timestamp = 1898166.082721
Seq_Frame0049_UnfilteredTimestamp = 1898166.091000
Seq_Frame0049_ImageStatus = OK
Seq_Frame0050_FrameNumber = 104
Seq_Frame0050_ProbeToTrackerTransform = 0.975143 0.14932 0.163704 -300.265 -0.163291 0.98369 0.0754255 -80.3967 -0.149772 -0.100283 0.983622 -1481.87 0 0 0 1 
Seq_Frame0050_ProbeToTrackerTransformStatus = OK
Seq_Frame0050_ReferenceToTrackerTransform = -0.0788613 0.996015 -0.0416527 -316.719 -0.987581 -0.0723616 0.139454 -87.872 0.135885 0.052133 0.989352 -1527.23 0 0 0 1
Seq_Frame0050_Stylus = -0.0803722 -0.986635 0.141746 104.324 0.995808 -0.0732491 0.0547819 392.619 -0.043667 0.145554 0.988386 1508.45 0 0 0 1
Seq_Frame0050_Timestamp = 1898166.102688
Seq_Frame0050_UnfilteredTimestamp = 1898166.111000
Seq_Frame0050_ImageStatus = OK
Seq_Frame0051_FrameNumber = 106
Seq_Frame0051_ProbeToTrackerTransform = 0.975281 0.150733 0.161575 -300.356 -0.165359 0.982886 0.0811945 -80.1271 -0.146571 -0.105905 0.983515 -1481.88 0 0 0 1 
Seq_Frame0051_ProbeToTrackerTransformStatus = OK
Seq_Frame0051_ReferenceToTrackerTransform = -0.0804078 0.995806 -0.0436459 -316.719 -0.986639 -0.07329 0.145509 -87.8708 0.141699 0.0547627 0.988394 -1527.24 0 0 0 1
Seq_Frame0051_Stylus = -0.0804078 -0.986639 0.141699 104.245 0.995806 -0.07329 0.0547627 392.586 -0.0436459 0.145509 0.988394 1508.47 0 0 0 1
Seq_Frame0051_Timestamp = 1898166.122662
Seq_Frame0051_UnfilteredTimestamp = 1898166.130000
Seq_Frame0051_ImageStatus = OK
Seq_Frame0052_FrameNumber = 108
Seq_Frame0052_ProbeToTrackerTransform = 0.974867 0.148791 0.165823 -300.169 -0.163094 0.983664 0.0761963 -80.3309 -0.151777 -0.101327 0.983206 -1481.91 0 0 0 1 
Seq_Frame0052_ProbeToTrackerTransformStatus = OK
Seq_Frame0052_ReferenceToTrackerTransform = -0.0782654 0.99615 -0.0394998 -316.715 -0.987518 -0.0720331 0.140069 -87.8726 0.136685 0.0499694 0.989353 -1527.25 0 0 0 1
Seq_Frame0052_Stylus = -0.0803767 -0.986652 0.141627 104.144 0.995811 -0.073272 0.0546935 392.481 -0.0435861 0.14543 0.988408 1508.53 0 0 0 1
Seq_Frame0052_Timestamp = 1898166.142644
Seq_Frame0052_UnfilteredTimestamp = 1898166.151000
Seq_Frame0052_ImageStatus = OK
Seq_Frame0053_FrameNumber = 110
Seq_Frame0053_ProbeToTrackerTransform = 0.975272 0.15071 0.161645 -300.353 -0.165337 0.982893 0.081142 -80.1084 -0.146651 -0.105861 0.983508 -1481.88 0 0 0 1 
Seq_Frame0053_ProbeToTrackerTransformStatus = OK
Seq_Frame0053_ReferenceToTrackerTransform = -0.0803862 0.995808 -0.0436351 -316.715 -0.986649 -0.0732736 0.145446 -87.868 0.141639 0.0547444 0.988404 -1527.25 0 0 0 1
Seq_Frame0053_Stylus = -0.0803862 -0.986649 0.141639 104.164 0.995808 -0.0732736 0.0547444 392.558 -0.0436351 0.145446 0.988404 1508.5 0 0 0 1
Seq_Frame0053_Timestamp = 1898166.162634
Seq_Frame0053_UnfilteredTimestamp = 1898166.170000
Seq_Frame0053_ImageStatus = OK
Seq_Frame0054_FrameNumber = 112
Seq_Frame0054_ProbeToTrackerTransform = 0.975283 0.150672 0.161619 -300.357 -0.165317 0.982885 0.0812889 -80.1002 -0.146604 -0.105998 0.983499 -1481.88 0 0 0 1 
Seq_Frame0054_ProbeToTrackerTransformStatus = OK
Seq_Frame0054_ReferenceToTrackerTransform = -0.0804113 0.995808 -0.0435875 -316.715 -0.986652 -0.0733072 0.145409 -87.8716 0.141604 0.0546982 0.988411 -1527.27 0 0 0 1
Seq_Frame0054_Stylus = -0.0804113 -0.986652 0.141604 104.102 0.995808 -0.0733072 0.0546982 392.485 -0.0435875 0.145409 0.988411 1508.54 0 0 0 1
Seq_Frame0054_Timestamp = 1898166.182632
Seq_Frame0054_UnfilteredTimestamp = 1898166.191000
Seq_Frame0054_ImageStatus = OK
Seq_Frame0055_FrameNumber = 114
Seq_Frame0055_ProbeToTrackerTransform = 0.975261 0.150742 0.161688 -300.355 -0.165398 0.98287 0.0813073 -80.0976 -0.146662 -0.106038 0.983487 -1481.88 0 0 0 1 
Seq_Frame0055_ProbeToTrackerTransformStatus = OK
Seq_Frame0055_ReferenceToTrackerTransform = -0.0804117 0.995807 -0.0436129 -316.714 -0.986658 -0.0733061 0.145372 -87.8738 0.141565 0.0547206 0.988415 -1527.26 0 0 0 1
Seq_Frame0055_Stylus = -0.0804117 -0.986658 0.141565 104.038 0.995807 -0.0733061 0.0547205 392.517 -0.0436129 0.145372 0.988415 1508.53 0 0 0 1
Seq_Frame0055_Timestamp = 1898166.202638
Seq_Frame0055_UnfilteredTimestamp = 1898166.210000
Seq_Frame0055_ImageStatus = OK
Seq_Frame0056_FrameNumber = 116
Seq_Frame0056_ProbeToTrackerTransform = 0.97527 0.150693 0.161678 -300.356 -0.165358 0.98287 0.0813789 -80.0978 -0.146645 -0.106101 0.983482 -1481.88 0 0 0 1 
Seq_Frame0056_ProbeToTrackerTransformStatus = OK
Seq_Frame0056_ReferenceToTrackerTransform = -0.0804276 0.995808 -0.0435663 -316.716 -0.986655 -0.0733281 0.145379 -87.8776 0.141575 0.0546774 0.988416 -1527.27 0 0 0 1
Seq_Frame0056_Stylus = -0.0832478 -0.986169 0.143321 104.045 0.995904 -0.0772385 0.0470035 392.452 -0.0352834 0.146647 0.988559 1508.55 0 0 0 1
Seq_Frame0056_Timestamp = 1898166.222651
Seq_Frame0056_UnfilteredTimestamp = 1898166.231000
Seq_Frame0056_ImageStatus = OK
Seq_Frame0057_FrameNumber = 118
Seq_Frame0057_ProbeToTrackerTransform = 0.975267 0.150727 0.161663 -300.358 -0.165383 0.982871 0.0813297 -80.1032 -0.146635 -0.106054 0.983489 -1481.87 0 0 0 1 
Seq_Frame0057_ProbeToTrackerTransformStatus = OK
Seq_Frame0057_ReferenceToTrackerTransform = -0.0804316 0.995809 -0.0435297 -316.717 -0.986635 -0.0733298 0.145513 -87.8815 0.141711 0.0546518 0.988398 -1527.26 0 0 0 1
Seq_Frame0057_Stylus = -0.0804316 -0.986635 0.141711 104.249 0.995809 -0.0733298 0.0546518 392.413 -0.0435297 0.145513 0.988398 1508.54 0 0 0 1
Seq_Frame0057_Timestamp = 1898166.242673
Seq_Frame0057_UnfilteredTimestamp = 1898166.250000
Seq_Frame0057_ImageStatus = OK
Seq_Frame0058_FrameNumber = 120
Seq_Frame0058_ProbeToTrackerTransform = 0.975282 0.150729 0.161576 -300.358 -0.165379 0.982869 0.0813539 -80.1103 -0.146545 -0.106065 0.983501 -1481.87 0 0 0 1 
Seq_Frame0058_ProbeToTrackerTransformStatus = OK
Seq_Frame0058_ReferenceToTrackerTransform = -0.0804966 0.995799 -0.0436478 -316.715 -0.986627 -0.0733756 0.145546 -87.8876 0.141732 0.0547801 0.988388 -1527.25 0 0 0 1
Seq_Frame0058_Stylus = -0.0804966 -0.986627 0.141732 104.254 0.995799 -0.0733756 0.0547801 392.598 -0.0436478 0.145546 0.988388 1508.48 0 0 0 1
Seq_Frame0058_Timestamp = 1898166.262701
Seq_Frame0058_UnfilteredTimestamp = 1898166.271000
Seq_Frame0058_ImageStatus = OK
Seq_Frame0059_FrameNumber = 122
Seq_Frame0059_ProbeToTrackerTransform = 0.975269 0.150789 0.161595 -300.364 -0.16545 0.982852 0.0814063 -80.1164 -0.146549 -0.106129 0.983494 -1481.86 0 0 0 1 
Seq_Frame0059_ProbeToTrackerTransformStatus = OK
