ObjectType = Image
NDims = 3
AnatomicalOrientation = RAI
BinaryData = True
BinaryDataByteOrderMSB = False
CenterOfRotation = 0 0 0
CompressedData = False
DimSize = 0 0 801                              
ElementSpacing = 1 1 1
ElementType = MET_OTHER
Offset = 0 0 0
TransformMatrix = 1 0 0 0 1 0 0 0 1
UltrasoundImageOrientation = XX
UltrasoundImageType = XX
Seq_Frame0000_FrameNumber = 332203
Seq_Frame0000_ProbeToTrackerTransform = 0.0087153 -0.161504 0.986973 194.556 0.127109 0.979214 0.159142 -32.4817 -0.991883 0.124029 0.0291359 5.69268 -0 0 -0 1
Seq_Frame0000_ProbeToTrackerTransformStatus = OK
Seq_Frame0000_ReferenceToTrackerTransform = 0.0637234 0.990355 0.124049 101.129 0.998014 -0.0633744 -0.00584221 -22.9939 0.00207164 0.124169 -0.992333 88.1807 -0 0 -0 1
Seq_Frame0000_ReferenceToTrackerTransformStatus = OK
Seq_Frame0000_StylusToTrackerTransform = -0.0644998 -0.560623 -0.825585 505.42 -0.997898 0.0363462 0.0535242 -128.476 2.84176e-005 0.827331 -0.561751 77.9115 0 0 0 1
Seq_Frame0000_StylusToTrackerTransformStatus = OK
Seq_Frame0000_Timestamp = 7415.679586
Seq_Frame0000_UnfilteredTimestamp = 7415.680000
Seq_Frame0000_ImageStatus = INVALID
Seq_Frame0001_FrameNumber = 332204
Seq_Frame0001_ProbeToTrackerTransform = 0.0110825 -0.160536 0.987121 194.779 0.126331 0.979442 0.157901 -32.5934 -0.991907 0.122953 0.0311661 6.69727 -0 0 -0 1
Seq_Frame0001_ProbeToTrackerTransformStatus = OK
Seq_Frame0001_ReferenceToTrackerTransform = 0.0637234 0.990355 0.124049 101.129 0.998014 -0.0633744 -0.00584221 -22.9939 0.00207164 0.124169 -0.992333 88.1807 -0 0 -0 1
Seq_Frame0001_ReferenceToTrackerTransformStatus = OK
Seq_Frame0001_StylusToTrackerTransform = -0.0644998 -0.560623 -0.825585 505.42 -0.997898 0.0363462 0.0535242 -128.476 2.84176e-005 0.827331 -0.561751 77.9115 0 0 0 1
Seq_Frame0001_StylusToTrackerTransformStatus = OK
Seq_Frame0001_Timestamp = 7415.700971
Seq_Frame0001_UnfilteredTimestamp = 7415.699000
Seq_Frame0001_ImageStatus = INVALID
Seq_Frame0002_FrameNumber = 332205
Seq_Frame0002_ProbeToTrackerTransform = 0.0148389 -0.159123 0.987226 195.002 0.125773 0.979804 0.156127 -32.5934 -0.991959 0.121824 0.03449 7.9251 -0 0 -0 1
Seq_Frame0002_ProbeToTrackerTransformStatus = OK
Seq_Frame0002_ReferenceToTrackerTransform = 0.0637234 0.990355 0.124049 101.129 0.998014 -0.0633744 -0.00584221 -22.9939 0.00207164 0.124169 -0.992333 88.1807 -0 0 -0 1
Seq_Frame0002_ReferenceToTrackerTransformStatus = OK
Seq_Frame0002_StylusToTrackerTransform = -0.0644998 -0.56068 -0.825547 505.42 -0.997898 0.0363499 0.0535217 -128.476 2.84205e-005 0.827415 -0.561807 77.9115 0 0 0 1
Seq_Frame0002_StylusToTrackerTransformStatus = OK
Seq_Frame0002_Timestamp = 7415.722171
Seq_Frame0002_UnfilteredTimestamp = 7415.720000
Seq_Frame0002_ImageStatus = INVALID
Seq_Frame0003_FrameNumber = 332206
Seq_Frame0003_ProbeToTrackerTransform = 0.0198577 -0.15752 0.987457 195.225 0.125279 0.980272 0.153843 -32.705 -0.992028 0.120626 0.0392367 9.15293 -0 0 -0 1
Seq_Frame0003_ProbeToTrackerTransformStatus = OK
Seq_Frame0003_ReferenceToTrackerTransform = 0.0637234 0.990355 0.124049 101.129 0.998014 -0.0633744 -0.00584221 -22.9939 0.00207164 0.124169 -0.992333 88.1807 -0 0 -0 1
Seq_Frame0003_ReferenceToTrackerTransformStatus = OK
Seq_Frame0003_StylusToTrackerTransform = -0.0644954 -0.560641 -0.82549 505.42 -0.997898 0.0363474 0.053518 -128.476 2.19063e-005 0.827358 -0.561891 77.9115 0 0 0 1
Seq_Frame0003_StylusToTrackerTransformStatus = OK
Seq_Frame0003_Timestamp = 7415.743171
Seq_Frame0003_UnfilteredTimestamp = 7415.741000
Seq_Frame0003_ImageStatus = INVALID
Seq_Frame0004_FrameNumber = 332208
Seq_Frame0004_ProbeToTrackerTransform = 0.028724 -0.154164 0.987706 195.56 0.122905 0.981204 0.149614 -33.0398 -0.992061 0.117136 0.0471046 11.8318 -0 0 -0 1
Seq_Frame0004_ProbeToTrackerTransformStatus = OK
Seq_Frame0004_ReferenceToTrackerTransform = 0.0637234 0.990355 0.124049 101.129 0.998014 -0.0633744 -0.00584221 -22.9939 0.00207164 0.124169 -0.992333 88.1807 -0 0 -0 1
Seq_Frame0004_ReferenceToTrackerTransformStatus = OK
Seq_Frame0004_StylusToTrackerTransform = -0.0644959 -0.560646 -0.825497 505.42 -0.997906 0.0362791 0.0534175 -128.476 2.19064e-005 0.827358 -0.561891 78.0231 0 0 0 1
Seq_Frame0004_StylusToTrackerTransformStatus = OK
Seq_Frame0004_Timestamp = 7415.785300
Seq_Frame0004_UnfilteredTimestamp = 7415.782000
Seq_Frame0004_ImageStatus = INVALID
Seq_Frame0005_FrameNumber = 332209
Seq_Frame0005_ProbeToTrackerTransform = 0.0305879 -0.153034 0.98782 195.56 0.120539 0.981678 0.148423 -33.2631 -0.992296 0.1145 0.0484065 13.0597 -0 0 -0 1
Seq_Frame0005_ProbeToTrackerTransformStatus = OK
Seq_Frame0005_ReferenceToTrackerTransform = 0.0637234 0.990355 0.124049 101.129 0.998014 -0.0633744 -0.00584221 -22.9939 0.00207164 0.124169 -0.992333 88.1807 -0 0 -0 1
Seq_Frame0005_ReferenceToTrackerTransformStatus = OK
Seq_Frame0005_StylusToTrackerTransform = -0.0643953 -0.56065 -0.825502 505.42 -0.997913 0.0362793 0.0534178 -128.476 9.03534e-005 0.827356 -0.561894 78.0231 0 0 0 1
Seq_Frame0005_StylusToTrackerTransformStatus = OK
Seq_Frame0005_Timestamp = 7415.805871
Seq_Frame0005_UnfilteredTimestamp = 7415.803000
Seq_Frame0005_ImageStatus = INVALID
Seq_Frame0006_FrameNumber = 332210
Seq_Frame0006_ProbeToTrackerTransform = 0.0310475 -0.152118 0.987941 195.56 0.118227 0.982123 0.147637 -33.4863 -0.992579 0.112184 0.048444 13.9526 -0 0 -0 1
Seq_Frame0006_ProbeToTrackerTransformStatus = OK
Seq_Frame0006_ReferenceToTrackerTransform = 0.0637234 0.990355 0.124049 101.129 0.998014 -0.0633744 -0.00584221 -22.9939 0.00207164 0.124169 -0.992333 88.1807 -0 0 -0 1
Seq_Frame0006_ReferenceToTrackerTransformStatus = OK
Seq_Frame0006_StylusToTrackerTransform = -0.0643953 -0.56065 -0.825502 505.532 -0.997913 0.0362793 0.0534178 -128.476 9.03534e-005 0.827356 -0.561894 78.0231 0 0 0 1
Seq_Frame0006_StylusToTrackerTransformStatus = OK
Seq_Frame0006_Timestamp = 7415.825971
Seq_Frame0006_UnfilteredTimestamp = 7415.822000
Seq_Frame0006_ImageStatus = INVALID
Seq_Frame0007_FrameNumber = 332211
Seq_Frame0007_ProbeToTrackerTransform = 0.0305582 -0.151174 0.988163 195.449 0.114766 0.982688 0.146778 -33.8212 -0.992928 0.108917 0.0473337 15.2921 -0 0 -0 1
Seq_Frame0007_ProbeToTrackerTransformStatus = OK
Seq_Frame0007_ReferenceToTrackerTransform = 0.0637234 0.990355 0.124049 101.129 0.998014 -0.0633744 -0.00584221 -22.9939 0.00207164 0.124169 -0.992333 88.1807 -0 0 -0 1
Seq_Frame0007_ReferenceToTrackerTransformStatus = OK
Seq_Frame0007_StylusToTrackerTransform = -0.0643953 -0.56065 -0.825502 505.532 -0.997913 0.0362793 0.0534178 -128.476 9.03534e-005 0.827356 -0.561894 78.0231 0 0 0 1
Seq_Frame0007_StylusToTrackerTransformStatus = OK
Seq_Frame0007_Timestamp = 7415.847529
Seq_Frame0007_UnfilteredTimestamp = 7415.848000
Seq_Frame0007_ImageStatus = INVALID
Seq_Frame0008_FrameNumber = 332212
Seq_Frame0008_ProbeToTrackerTransform = 0.0298337 -0.150493 0.988283 195.337 0.112652 0.982959 0.146343 -33.9328 -0.993222 0.106879 0.0462229 16.1851 -0 0 -0 1
Seq_Frame0008_ProbeToTrackerTransformStatus = OK
Seq_Frame0008_ReferenceToTrackerTransform = 0.0637234 0.990355 0.124049 101.129 0.998014 -0.0633744 -0.00584221 -22.9939 0.00207164 0.124169 -0.992333 88.1807 -0 0 -0 1
Seq_Frame0008_ReferenceToTrackerTransformStatus = OK
Seq_Frame0008_StylusToTrackerTransform = -0.0643953 -0.56065 -0.825502 505.532 -0.997913 0.0362793 0.0534178 -128.476 9.03534e-005 0.827356 -0.561894 78.0231 0 0 0 1
Seq_Frame0008_StylusToTrackerTransformStatus = OK
Seq_Frame0008_Timestamp = 7415.868171
Seq_Frame0008_UnfilteredTimestamp = 7415.866000
Seq_Frame0008_ImageStatus = INVALID
Seq_Frame0009_FrameNumber = 332214
Seq_Frame0009_ProbeToTrackerTransform = 0.0285554 -0.1501 0.98835 195.337 0.109848 0.983249 0.146225 -34.0444 -0.993544 0.104411 0.0445849 17.8594 -0 0 -0 1
Seq_Frame0009_ProbeToTrackerTransformStatus = OK
Seq_Frame0009_ReferenceToTrackerTransform = 0.0637222 0.990325 0.124168 101.129 0.998014 -0.0633727 -0.0058498 -22.9939 0.00207933 0.124287 -0.992303 88.1807 -0 0 -0 1
Seq_Frame0009_ReferenceToTrackerTransformStatus = OK
Seq_Frame0009_StylusToTrackerTransform = -0.0643953 -0.560733 -0.825446 505.532 -0.997913 0.0362847 0.0534142 -128.476 9.03472e-005 0.827299 -0.561856 78.0231 0 0 0 1
Seq_Frame0009_StylusToTrackerTransformStatus = OK
Seq_Frame0009_Timestamp = 7415.908429
Seq_Frame0009_UnfilteredTimestamp = 7415.906000
Seq_Frame0009_ImageStatus = INVALID
Seq_Frame0010_FrameNumber = 332216
Seq_Frame0010_ProbeToTrackerTransform = 0.0279581 -0.150735 0.988317 195.449 0.105977 0.983616 0.147084 -34.0444 -0.99407 0.100501 0.0434594 19.6453 -0 0 -0 1
Seq_Frame0010_ProbeToTrackerTransformStatus = OK
Seq_Frame0010_ReferenceToTrackerTransform = 0.0637217 0.990317 0.124167 101.129 0.998006 -0.0634934 -0.00586493 -22.9939 0.00207931 0.124286 -0.992303 88.1807 -0 0 -0 1
Seq_Frame0010_ReferenceToTrackerTransformStatus = OK
Seq_Frame0010_StylusToTrackerTransform = -0.0643959 -0.560737 -0.825452 505.532 -0.99792 0.0362164 0.0533136 -128.476 9.03479e-005 0.827299 -0.561856 78.0231 0 0 0 1
Seq_Frame0010_StylusToTrackerTransformStatus = OK
Seq_Frame0010_Timestamp = 7415.950786
Seq_Frame0010_UnfilteredTimestamp = 7415.951000
Seq_Frame0010_ImageStatus = INVALID
Seq_Frame0011_FrameNumber = 332217
Seq_Frame0011_ProbeToTrackerTransform = 0.027449 -0.151207 0.988202 195.56 0.104066 0.983709 0.147703 -34.1561 -0.994252 0.0987537 0.0426326 20.4267 -0 0 -0 1
Seq_Frame0011_ProbeToTrackerTransformStatus = OK
Seq_Frame0011_ReferenceToTrackerTransform = 0.0637217 0.990317 0.124167 101.129 0.998006 -0.0634934 -0.00586493 -22.9939 0.00207931 0.124286 -0.992303 88.1807 -0 0 -0 1
Seq_Frame0011_ReferenceToTrackerTransformStatus = OK
Seq_Frame0011_StylusToTrackerTransform = -0.0643958 -0.560654 -0.825509 505.42 -0.99792 0.036211 0.0533173 -128.476 9.03541e-005 0.827356 -0.561894 78.0231 0 0 0 1
Seq_Frame0011_StylusToTrackerTransformStatus = OK
Seq_Frame0011_Timestamp = 7415.971214
Seq_Frame0011_UnfilteredTimestamp = 7415.971000
Seq_Frame0011_ImageStatus = INVALID
Seq_Frame0012_FrameNumber = 332218
Seq_Frame0012_ProbeToTrackerTransform = 0.0268739 -0.151836 0.988163 195.672 0.102523 0.983805 0.148437 -34.1561 -0.994349 0.0973474 0.0419939 21.0964 -0 0 -0 1
Seq_Frame0012_ProbeToTrackerTransformStatus = OK
Seq_Frame0012_ReferenceToTrackerTransform = 0.0637217 0.990317 0.124167 101.129 0.998006 -0.0634934 -0.00586493 -22.9939 0.00207931 0.124286 -0.992303 88.1807 -0 0 -0 1
Seq_Frame0012_ReferenceToTrackerTransformStatus = OK
Seq_Frame0012_StylusToTrackerTransform = -0.0643958 -0.560654 -0.825509 505.42 -0.99792 0.036211 0.0533173 -128.476 9.03541e-005 0.827356 -0.561894 77.9115 0 0 0 1
Seq_Frame0012_StylusToTrackerTransformStatus = OK
Seq_Frame0012_Timestamp = 7415.991314
Seq_Frame0012_UnfilteredTimestamp = 7415.991000
Seq_Frame0012_ImageStatus = INVALID
Seq_Frame0013_FrameNumber = 332220
Seq_Frame0013_ProbeToTrackerTransform = 0.0263783 -0.153129 0.987905 195.783 0.10003 0.983759 0.149902 -34.1561 -0.994646 0.0948236 0.0412564 22.101 -0 0 -0 1
Seq_Frame0013_ProbeToTrackerTransformStatus = OK
Seq_Frame0013_ReferenceToTrackerTransform = 0.0637217 0.990317 0.124167 101.129 0.998006 -0.0634934 -0.00586493 -22.9939 0.00207931 0.124286 -0.992303 88.1807 -0 0 -0 1
Seq_Frame0013_ReferenceToTrackerTransformStatus = OK
Seq_Frame0013_StylusToTrackerTransform = -0.0643997 -0.560688 -0.825559 505.42 -0.997912 0.0362818 0.0534215 -128.476 9.68575e-005 0.827412 -0.561811 77.9115 0 0 0 1
Seq_Frame0013_StylusToTrackerTransformStatus = OK
Seq_Frame0013_Timestamp = 7416.035457
Seq_Frame0013_UnfilteredTimestamp = 7416.038000
Seq_Frame0013_ImageStatus = INVALID
Seq_Frame0014_FrameNumber = 332221
Seq_Frame0014_ProbeToTrackerTransform = 0.0265774 -0.153498 0.987904 195.783 0.0993434 0.983787 0.150296 -34.1561 -0.99478 0.0940733 0.0413066 22.3242 -0 0 -0 1
Seq_Frame0014_ProbeToTrackerTransformStatus = OK
Seq_Frame0014_ReferenceToTrackerTransform = 0.0637217 0.990317 0.124167 101.129 0.998006 -0.0634934 -0.00586493 -22.9939 0.00207931 0.124286 -0.992303 88.1807 -0 0 -0 1
Seq_Frame0014_ReferenceToTrackerTransformStatus = OK
Seq_Frame0014_StylusToTrackerTransform = -0.0643997 -0.560681 -0.825563 505.42 -0.997912 0.0363826 0.053353 -128.476 9.68575e-005 0.827412 -0.561811 77.9115 0 0 0 1
Seq_Frame0014_StylusToTrackerTransformStatus = OK
Seq_Frame0014_Timestamp = 7416.057143
Seq_Frame0014_UnfilteredTimestamp = 7416.059000
Seq_Frame0014_ImageStatus = INVALID
Seq_Frame0015_FrameNumber = 332222
Seq_Frame0015_ProbeToTrackerTransform = 0.0265904 -0.153726 0.987827 195.783 0.0991093 0.983762 0.15053 -34.1561 -0.994824 0.0938045 0.0414121 22.4358 -0 0 -0 1
Seq_Frame0015_ProbeToTrackerTransformStatus = OK
Seq_Frame0015_ReferenceToTrackerTransform = 0.0637217 0.990317 0.124167 101.129 0.998006 -0.0634934 -0.00586493 -22.9939 0.00207931 0.124286 -0.992303 88.1807 -0 0 -0 1
Seq_Frame0015_ReferenceToTrackerTransformStatus = OK
Seq_Frame0015_StylusToTrackerTransform = -0.0643997 -0.560681 -0.825563 505.42 -0.997912 0.0363826 0.053353 -128.476 9.68575e-005 0.827412 -0.561811 77.9115 0 0 0 1
Seq_Frame0015_StylusToTrackerTransformStatus = OK
Seq_Frame0015_Timestamp = 7416.078343
Seq_Frame0015_UnfilteredTimestamp = 7416.078000
Seq_Frame0015_ImageStatus = INVALID
Seq_Frame0016_FrameNumber = 332223
Seq_Frame0016_ProbeToTrackerTransform = 0.0266555 -0.154129 0.987847 195.783 0.099258 0.983749 0.150785 -34.2677 -0.994783 0.0940339 0.0414751 22.4358 -0 0 -0 1
Seq_Frame0016_ProbeToTrackerTransformStatus = OK
Seq_Frame0016_ReferenceToTrackerTransform = 0.0637217 0.990317 0.124167 101.129 0.998006 -0.0634934 -0.00586493 -22.9939 0.00207931 0.124286 -0.992303 88.1807 -0 0 -0 1
Seq_Frame0016_ReferenceToTrackerTransformStatus = OK
Seq_Frame0016_StylusToTrackerTransform = -0.0643953 -0.560643 -0.825507 505.42 -0.997913 0.0363801 0.0533494 -128.476 9.03534e-005 0.827356 -0.561894 77.9115 0 0 0 1
Seq_Frame0016_StylusToTrackerTransformStatus = OK
Seq_Frame0016_Timestamp = 7416.100200
Seq_Frame0016_UnfilteredTimestamp = 7416.102000
Seq_Frame0016_ImageStatus = INVALID
Seq_Frame0017_FrameNumber = 332225
Seq_Frame0017_ProbeToTrackerTransform = 0.0266532 -0.154397 0.987767 195.783 0.0998822 0.983676 0.151 -34.2677 -0.99466 0.094623 0.0415871 22.2126 -0 0 -0 1
Seq_Frame0017_ProbeToTrackerTransformStatus = OK
Seq_Frame0017_ReferenceToTrackerTransform = 0.0637217 0.990317 0.124167 101.129 0.998006 -0.0634934 -0.00586493 -22.9939 0.00207931 0.124286 -0.992303 88.1807 -0 0 -0 1
Seq_Frame0017_ReferenceToTrackerTransformStatus = OK
Seq_Frame0017_StylusToTrackerTransform = -0.0643953 -0.560643 -0.825507 505.42 -0.997913 0.0363801 0.0533494 -128.476 9.03534e-005 0.827356 -0.561894 77.9115 0 0 0 1
Seq_Frame0017_StylusToTrackerTransformStatus = OK
Seq_Frame0017_Timestamp = 7416.142686
Seq_Frame0017_UnfilteredTimestamp = 7416.142000
Seq_Frame0017_ImageStatus = INVALID
Seq_Frame0018_FrameNumber = 332226
Seq_Frame0018_ProbeToTrackerTransform = 0.0264622 -0.154599 0.987686 195.672 0.102575 0.98331 0.151248 -34.1561 -0.994365 0.0972787 0.0419072 21.208 -0 0 -0 1
Seq_Frame0018_ProbeToTrackerTransformStatus = OK
Seq_Frame0018_ReferenceToTrackerTransform = 0.0637217 0.990317 0.124167 101.129 0.998006 -0.0634934 -0.00586493 -22.9939 0.00207931 0.124286 -0.992303 88.1807 -0 0 -0 1
Seq_Frame0018_ReferenceToTrackerTransformStatus = OK
Seq_Frame0018_StylusToTrackerTransform = -0.0643958 -0.560647 -0.825513 505.42 -0.99792 0.0363118 0.0532488 -128.476 9.03541e-005 0.827356 -0.561894 77.9115 0 0 0 1
Seq_Frame0018_StylusToTrackerTransformStatus = OK
Seq_Frame0018_Timestamp = 7416.163700
Seq_Frame0018_UnfilteredTimestamp = 7416.162000
Seq_Frame0018_ImageStatus = INVALID
Seq_Frame0019_FrameNumber = 332227
Seq_Frame0019_ProbeToTrackerTransform = 0.0259858 -0.154401 0.987781 195.337 0.107445 0.982872 0.150859 -34.1561 -0.99397 0.102204 0.0421512 19.1988 -0 0 -0 1
Seq_Frame0019_ProbeToTrackerTransformStatus = OK
Seq_Frame0019_ReferenceToTrackerTransform = 0.0637217 0.990317 0.124167 101.129 0.998006 -0.0634934 -0.00586493 -22.9939 0.00207931 0.124286 -0.992303 88.1807 -0 0 -0 1
Seq_Frame0019_ReferenceToTrackerTransformStatus = OK
Seq_Frame0019_StylusToTrackerTransform = -0.0642997 -0.560689 -0.825575 505.42 -0.997927 0.0363146 0.0532528 -128.476 0.000165297 0.82741 -0.561815 77.9115 0 0 0 1
Seq_Frame0019_StylusToTrackerTransformStatus = OK
Seq_Frame0019_Timestamp = 7416.185443
Seq_Frame0019_UnfilteredTimestamp = 7416.187000
Seq_Frame0019_ImageStatus = INVALID
Seq_Frame0020_FrameNumber = 332228
Seq_Frame0020_ProbeToTrackerTransform = 0.0253624 -0.153959 0.987839 195.225 0.110169 0.982673 0.150333 -34.0444 -0.993657 0.104988 0.0417844 18.0826 -0 0 -0 1
Seq_Frame0020_ProbeToTrackerTransformStatus = OK
Seq_Frame0020_ReferenceToTrackerTransform = 0.0637217 0.990317 0.124167 101.129 0.998006 -0.0634934 -0.00586493 -22.9939 0.00207931 0.124286 -0.992303 88.1807 -0 0 -0 1
Seq_Frame0020_ReferenceToTrackerTransformStatus = OK
Seq_Frame0020_StylusToTrackerTransform = -0.0642997 -0.560689 -0.825575 505.42 -0.997927 0.0363146 0.0532528 -128.476 0.000165297 0.82741 -0.561815 77.9115 0 0 0 1
Seq_Frame0020_StylusToTrackerTransformStatus = OK
Seq_Frame0020_Timestamp = 7416.206829
Seq_Frame0020_UnfilteredTimestamp = 7416.207000
Seq_Frame0020_ImageStatus = INVALID
Seq_Frame0021_FrameNumber = 332230
Seq_Frame0021_ProbeToTrackerTransform = 0.0253544 -0.153173 0.987953 195.114 0.114819 0.982252 0.149402 -33.8212 -0.99308 0.109722 0.0424208 15.7386 -0 0 -0 1
Seq_Frame0021_ProbeToTrackerTransformStatus = OK
Seq_Frame0021_ReferenceToTrackerTransform = 0.0637217 0.990317 0.124167 101.129 0.998006 -0.0634934 -0.00586493 -22.9939 0.00207931 0.124286 -0.992303 88.1807 -0 0 -0 1
Seq_Frame0021_ReferenceToTrackerTransformStatus = OK
Seq_Frame0021_StylusToTrackerTransform = -0.0642997 -0.560689 -0.825575 505.42 -0.997927 0.0363146 0.0532528 -128.476 0.000165297 0.82741 -0.561815 77.9115 0 0 0 1
Seq_Frame0021_StylusToTrackerTransformStatus = OK
Seq_Frame0021_Timestamp = 7416.248643
Seq_Frame0021_UnfilteredTimestamp = 7416.247000
Seq_Frame0021_ImageStatus = INVALID
Seq_Frame0022_FrameNumber = 332231
Seq_Frame0022_ProbeToTrackerTransform = 0.0258619 -0.152973 0.987993 195.114 0.117362 0.982026 0.148986 -33.7096 -0.992835 0.112063 0.0433633 14.2875 -0 0 -0 1
Seq_Frame0022_ProbeToTrackerTransformStatus = OK
Seq_Frame0022_ReferenceToTrackerTransform = 0.0637217 0.990317 0.124167 101.129 0.998006 -0.0634934 -0.00586493 -22.9939 0.00207931 0.124286 -0.992303 88.1807 -0 0 -0 1
Seq_Frame0022_ReferenceToTrackerTransformStatus = OK
Seq_Frame0022_StylusToTrackerTransform = -0.0643997 -0.560681 -0.825563 505.42 -0.997912 0.0363826 0.053353 -128.476 9.68575e-005 0.827412 -0.561811 77.9115 0 0 0 1
Seq_Frame0022_StylusToTrackerTransformStatus = OK
Seq_Frame0022_Timestamp = 7416.270871
Seq_Frame0022_UnfilteredTimestamp = 7416.274000
Seq_Frame0022_ImageStatus = INVALID
Seq_Frame0023_FrameNumber = 332232
Seq_Frame0023_ProbeToTrackerTransform = 0.0263933 -0.153003 0.987943 195.114 0.119541 0.981766 0.148951 -33.5979 -0.99253 0.114157 0.0441844 13.0597 -0 0 -0 1
Seq_Frame0023_ProbeToTrackerTransformStatus = OK
Seq_Frame0023_ReferenceToTrackerTransform = 0.0637217 0.990317 0.124167 101.129 0.998006 -0.0634934 -0.00586493 -22.9939 0.00207931 0.124286 -0.992303 88.1807 -0 0 -0 1
Seq_Frame0023_ReferenceToTrackerTransformStatus = OK
Seq_Frame0023_StylusToTrackerTransform = -0.0643997 -0.560681 -0.825563 505.42 -0.997912 0.0363826 0.053353 -128.476 9.68575e-005 0.827412 -0.561811 77.9115 0 0 0 1
Seq_Frame0023_StylusToTrackerTransformStatus = OK
Seq_Frame0023_Timestamp = 7416.292529
Seq_Frame0023_UnfilteredTimestamp = 7416.294000
Seq_Frame0023_ImageStatus = INVALID
Seq_Frame0024_FrameNumber = 332233
Seq_Frame0024_ProbeToTrackerTransform = 0.0267117 -0.153142 0.988006 195.114 0.121448 0.981535 0.148959 -33.4863 -0.992287 0.11603 0.0448558 12.1667 -0 0 -0 1
Seq_Frame0024_ProbeToTrackerTransformStatus = OK
Seq_Frame0024_ReferenceToTrackerTransform = 0.0637217 0.990317 0.124167 101.129 0.998006 -0.0634934 -0.00586493 -22.9939 0.00207931 0.124286 -0.992303 88.1807 -0 0 -0 1
Seq_Frame0024_ReferenceToTrackerTransformStatus = OK
Seq_Frame0024_StylusToTrackerTransform = -0.0643997 -0.560681 -0.825563 505.42 -0.997912 0.0363826 0.053353 -128.476 9.68575e-005 0.827412 -0.561811 77.9115 0 0 0 1
Seq_Frame0024_StylusToTrackerTransformStatus = OK
Seq_Frame0024_Timestamp = 7416.313414
Seq_Frame0024_UnfilteredTimestamp = 7416.312000
Seq_Frame0024_ImageStatus = INVALID
Seq_Frame0025_FrameNumber = 332235
Seq_Frame0025_ProbeToTrackerTransform = 0.0293156 -0.155569 0.987484 195.449 0.127624 0.9804 0.150643 -32.8166 -0.991438 0.12168 0.0485862 9.59941 -0 0 -0 1
Seq_Frame0025_ProbeToTrackerTransformStatus = OK
Seq_Frame0025_ReferenceToTrackerTransform = 0.0637217 0.990317 0.124167 101.129 0.998006 -0.0634934 -0.00586493 -22.9939 0.00207931 0.124286 -0.992303 88.1807 -0 0 -0 1
Seq_Frame0025_ReferenceToTrackerTransformStatus = OK
Seq_Frame0025_StylusToTrackerTransform = -0.0643958 -0.560647 -0.825513 505.42 -0.99792 0.0363118 0.0532488 -128.476 9.03541e-005 0.827356 -0.561894 77.9115 0 0 0 1
Seq_Frame0025_StylusToTrackerTransformStatus = OK
Seq_Frame0025_Timestamp = 7416.355986
Seq_Frame0025_UnfilteredTimestamp = 7416.358000
Seq_Frame0025_ImageStatus = INVALID
Seq_Frame0026_FrameNumber = 332236
Seq_Frame0026_ProbeToTrackerTransform = 0.0306573 -0.156878 0.987208 195.56 0.130753 0.979869 0.15178 -32.3701 -0.99104 0.124438 0.0505538 8.59482 -0 0 -0 1
Seq_Frame0026_ProbeToTrackerTransformStatus = OK
Seq_Frame0026_ReferenceToTrackerTransform = 0.0637217 0.990317 0.124167 101.129 0.998006 -0.0634934 -0.00586493 -22.9939 0.00207931 0.124286 -0.992303 88.1807 -0 0 -0 1
Seq_Frame0026_ReferenceToTrackerTransformStatus = OK
Seq_Frame0026_StylusToTrackerTransform = -0.0643958 -0.560647 -0.825513 505.42 -0.99792 0.0363118 0.0532488 -128.476 9.03541e-005 0.827356 -0.561894 77.9115 0 0 0 1
Seq_Frame0026_StylusToTrackerTransformStatus = OK
Seq_Frame0026_Timestamp = 7416.377029
Seq_Frame0026_UnfilteredTimestamp = 7416.376000
Seq_Frame0026_ImageStatus = INVALID
Seq_Frame0027_FrameNumber = 332237
Seq_Frame0027_ProbeToTrackerTransform = 0.0320841 -0.158664 0.986927 195.783 0.135264 0.979086 0.153083 -31.812 -0.99035 0.128607 0.0527849 7.47861 -0 0 -0 1
Seq_Frame0027_ProbeToTrackerTransformStatus = OK
Seq_Frame0027_ReferenceToTrackerTransform = 0.0637217 0.990317 0.124167 101.129 0.998006 -0.0634934 -0.00586493 -22.9939 0.00207931 0.124286 -0.992303 88.1807 -0 0 -0 1
Seq_Frame0027_ReferenceToTrackerTransformStatus = OK
Seq_Frame0027_StylusToTrackerTransform = -0.0643958 -0.560647 -0.825513 505.42 -0.99792 0.0363118 0.0532488 -128.476 9.03541e-005 0.827356 -0.561894 77.9115 0 0 0 1
Seq_Frame0027_StylusToTrackerTransformStatus = OK
Seq_Frame0027_Timestamp = 7416.397900
Seq_Frame0027_UnfilteredTimestamp = 7416.397000
Seq_Frame0027_ImageStatus = INVALID
Seq_Frame0028_FrameNumber = 332239
Seq_Frame0028_ProbeToTrackerTransform = 0.0317658 -0.161232 0.986479 196.118 0.142885 0.977586 0.155228 -30.919 -0.989333 0.135981 0.0540665 5.46943 -0 0 -0 1
Seq_Frame0028_ProbeToTrackerTransformStatus = OK
Seq_Frame0028_ReferenceToTrackerTransform = 0.0637234 0.990355 0.124049 101.129 0.998014 -0.0633744 -0.00584221 -22.9939 0.00207164 0.124169 -0.992333 88.1807 -0 0 -0 1
Seq_Frame0028_ReferenceToTrackerTransformStatus = OK
Seq_Frame0028_StylusToTrackerTransform = -0.0643953 -0.560726 -0.82545 505.42 -0.997913 0.0363855 0.0533457 -128.476 9.03472e-005 0.827299 -0.561856 77.9115 0 0 0 1
Seq_Frame0028_StylusToTrackerTransformStatus = OK
Seq_Frame0028_Timestamp = 7416.440457
Seq_Frame0028_UnfilteredTimestamp = 7416.444000
Seq_Frame0028_ImageStatus = INVALID
Seq_Frame0029_FrameNumber = 332240
Seq_Frame0029_ProbeToTrackerTransform = 0.0313501 -0.161495 0.986543 196.007 0.143695 0.977504 0.155503 -30.8074 -0.989117 0.136865 0.0538774 5.02295 -0 0 -0 1
Seq_Frame0029_ProbeToTrackerTransformStatus = OK
Seq_Frame0029_ReferenceToTrackerTransform = 0.0637234 0.990355 0.124049 101.129 0.998014 -0.0633744 -0.00584221 -22.9939 0.00207164 0.124169 -0.992333 88.1807 -0 0 -0 1
Seq_Frame0029_ReferenceToTrackerTransformStatus = OK
Seq_Frame0029_StylusToTrackerTransform = -0.0643953 -0.560726 -0.82545 505.42 -0.997913 0.0363855 0.0533457 -128.476 9.03472e-005 0.827299 -0.561856 77.9115 0 0 0 1
Seq_Frame0029_StylusToTrackerTransformStatus = OK
Seq_Frame0029_Timestamp = 7416.462057
Seq_Frame0029_UnfilteredTimestamp = 7416.463000
Seq_Frame0029_ImageStatus = INVALID
Seq_Frame0030_FrameNumber = 332241
Seq_Frame0030_ProbeToTrackerTransform = 0.0307543 -0.161552 0.98645 196.007 0.144234 0.977448 0.155547 -30.8074 -0.989127 0.137454 0.0533555 4.68809 -0 0 -0 1
Seq_Frame0030_ProbeToTrackerTransformStatus = OK
Seq_Frame0030_ReferenceToTrackerTransform = 0.0637234 0.990355 0.124049 101.129 0.998014 -0.0633744 -0.00584221 -22.9939 0.00207164 0.124169 -0.992333 88.1807 -0 0 -0 1
Seq_Frame0030_ReferenceToTrackerTransformStatus = OK
Seq_Frame0030_StylusToTrackerTransform = -0.0643953 -0.560643 -0.825507 505.42 -0.997913 0.0363801 0.0533494 -128.476 9.03534e-005 0.827356 -0.561894 77.9115 0 0 0 1
Seq_Frame0030_StylusToTrackerTransformStatus = OK
Seq_Frame0030_Timestamp = 7416.483586
Seq_Frame0030_UnfilteredTimestamp = 7416.484000
Seq_Frame0030_ImageStatus = INVALID
Seq_Frame0031_FrameNumber = 332242
Seq_Frame0031_ProbeToTrackerTransform = 0.0303727 -0.161274 0.986539 195.895 0.144527 0.977403 0.155463 -30.8074 -0.989054 0.137878 0.0530383 4.46484 -0 0 -0 1
Seq_Frame0031_ProbeToTrackerTransformStatus = OK
Seq_Frame0031_ReferenceToTrackerTransform = 0.0637234 0.990355 0.124049 101.129 0.998014 -0.0633744 -0.00584221 -22.9939 0.00207164 0.124169 -0.992333 88.1807 -0 0 -0 1
Seq_Frame0031_ReferenceToTrackerTransformStatus = OK
Seq_Frame0031_StylusToTrackerTransform = -0.0643953 -0.560643 -0.825507 505.42 -0.997913 0.0363801 0.0533494 -128.476 9.03534e-005 0.827356 -0.561894 77.9115 0 0 0 1
Seq_Frame0031_StylusToTrackerTransformStatus = OK
Seq_Frame0031_Timestamp = 7416.504657
Seq_Frame0031_UnfilteredTimestamp = 7416.504000
Seq_Frame0031_ImageStatus = INVALID
Seq_Frame0032_FrameNumber = 332243
Seq_Frame0032_ProbeToTrackerTransform = 0.0299893 -0.16098 0.986551 195.783 0.144816 0.977413 0.155145 -30.8074 -0.989003 0.138209 0.0525435 4.2416 -0 0 -0 1
Seq_Frame0032_ProbeToTrackerTransformStatus = OK
Seq_Frame0032_ReferenceToTrackerTransform = 0.0637246 0.990385 0.123931 101.129 0.998014 -0.0633761 -0.00583462 -22.9939 0.00206395 0.12405 -0.992363 88.1807 -0 0 -0 1
Seq_Frame0032_ReferenceToTrackerTransformStatus = OK
Seq_Frame0032_StylusToTrackerTransform = -0.0643958 -0.560647 -0.825513 505.42 -0.99792 0.0363118 0.0532488 -128.476 9.03541e-005 0.827356 -0.561894 77.9115 0 0 0 1
Seq_Frame0032_StylusToTrackerTransformStatus = OK
Seq_Frame0032_Timestamp = 7416.526871
Seq_Frame0032_UnfilteredTimestamp = 7416.530000
Seq_Frame0032_ImageStatus = INVALID
Seq_Frame0033_FrameNumber = 332245
Seq_Frame0033_ProbeToTrackerTransform = 0.0286146 -0.16029 0.986741 195.56 0.14469 0.977489 0.154613 -30.919 -0.98912 0.138338 0.0511126 4.01836 -0 0 -0 1
Seq_Frame0033_ProbeToTrackerTransformStatus = OK
Seq_Frame0033_ReferenceToTrackerTransform = 0.0637246 0.990385 0.123931 101.129 0.998014 -0.0633761 -0.00583462 -22.9939 0.00206395 0.12405 -0.992363 88.1807 -0 0 -0 1
Seq_Frame0033_ReferenceToTrackerTransformStatus = OK
Seq_Frame0033_StylusToTrackerTransform = -0.0642953 -0.560651 -0.825518 505.42 -0.997927 0.0363121 0.0532492 -128.476 0.000158803 0.827353 -0.561898 77.9115 0 0 0 1
Seq_Frame0033_StylusToTrackerTransformStatus = OK
Seq_Frame0033_Timestamp = 7416.568743
Seq_Frame0033_UnfilteredTimestamp = 7416.567000
Seq_Frame0033_ImageStatus = INVALID
Seq_Frame0034_FrameNumber = 332246
Seq_Frame0034_ProbeToTrackerTransform = 0.0273584 -0.159841 0.986825 195.449 0.14434 0.977538 0.154446 -31.0307 -0.989176 0.138196 0.0496874 4.01836 -0 0 -0 1
Seq_Frame0034_ProbeToTrackerTransformStatus = OK
Seq_Frame0034_ReferenceToTrackerTransform = 0.0637246 0.990385 0.123931 101.129 0.998014 -0.0633761 -0.00583462 -22.9939 0.00206395 0.12405 -0.992363 88.1807 -0 0 -0 1
Seq_Frame0034_ReferenceToTrackerTransformStatus = OK
Seq_Frame0034_StylusToTrackerTransform = -0.0642997 -0.560689 -0.825575 505.42 -0.997927 0.0363146 0.0532528 -128.476 0.000165297 0.82741 -0.561815 77.9115 0 0 0 1
Seq_Frame0034_StylusToTrackerTransformStatus = OK
Seq_Frame0034_Timestamp = 7416.589286
Seq_Frame0034_UnfilteredTimestamp = 7416.587000
Seq_Frame0034_ImageStatus = INVALID
Seq_Frame0035_FrameNumber = 332247
Seq_Frame0035_ProbeToTrackerTransform = 0.0254688 -0.159413 0.986951 195.225 0.143297 0.97776 0.154274 -31.1423 -0.989446 0.137553 0.0476805 4.12998 -0 0 -0 1
Seq_Frame0035_ProbeToTrackerTransformStatus = OK
Seq_Frame0035_ReferenceToTrackerTransform = 0.0637246 0.990385 0.123931 101.129 0.998014 -0.0633761 -0.00583462 -22.9939 0.00206395 0.12405 -0.992363 88.1807 -0 0 -0 1
Seq_Frame0035_ReferenceToTrackerTransformStatus = OK
Seq_Frame0035_StylusToTrackerTransform = -0.0642953 -0.560651 -0.825518 505.42 -0.997927 0.0363121 0.0532492 -128.476 0.000158803 0.827353 -0.561898 78.0231 0 0 0 1
Seq_Frame0035_StylusToTrackerTransformStatus = OK
Seq_Frame0035_Timestamp = 7416.610900
Seq_Frame0035_UnfilteredTimestamp = 7416.612000
Seq_Frame0035_ImageStatus = INVALID
Seq_Frame0036_FrameNumber = 332249
Seq_Frame0036_ProbeToTrackerTransform = 0.0236382 -0.158145 0.987198 195.114 0.140231 0.978317 0.153455 -31.3655 -0.989942 0.134754 0.0452263 4.91133 -0 0 -0 1
Seq_Frame0036_ProbeToTrackerTransformStatus = OK
Seq_Frame0036_ReferenceToTrackerTransform = 0.0637246 0.990385 0.123931 101.129 0.998014 -0.0633761 -0.00583462 -22.9939 0.00206395 0.12405 -0.992363 88.1807 -0 0 -0 1
Seq_Frame0036_ReferenceToTrackerTransformStatus = OK
Seq_Frame0036_StylusToTrackerTransform = -0.0642953 -0.560651 -0.825518 505.42 -0.997927 0.0363121 0.0532492 -128.476 0.000158803 0.827353 -0.561898 78.0231 0 0 0 1
Seq_Frame0036_StylusToTrackerTransformStatus = OK
Seq_Frame0036_Timestamp = 7416.653243
Seq_Frame0036_UnfilteredTimestamp = 7416.653000
Seq_Frame0036_ImageStatus = INVALID
Seq_Frame0037_FrameNumber = 332250
Seq_Frame0037_ProbeToTrackerTransform = 0.0236188 -0.156665 0.987424 195.114 0.137681 0.978835 0.152108 -31.5888 -0.990277 0.132399 0.0446494 5.8043 -0 0 -0 1
Seq_Frame0037_ProbeToTrackerTransformStatus = OK
Seq_Frame0037_ReferenceToTrackerTransform = 0.0637246 0.990385 0.123931 101.129 0.998014 -0.0633761 -0.00583462 -22.9939 0.00206395 0.12405 -0.992363 88.1807 -0 0 -0 1
Seq_Frame0037_ReferenceToTrackerTransformStatus = OK
Seq_Frame0037_StylusToTrackerTransform = -0.0642958 -0.560655 -0.825525 505.42 -0.997935 0.0362438 0.0531486 -128.476 0.000158804 0.827353 -0.561898 78.0231 0 0 0 1
Seq_Frame0037_StylusToTrackerTransformStatus = OK
Seq_Frame0037_Timestamp = 7416.673957
Seq_Frame0037_UnfilteredTimestamp = 7416.673000
Seq_Frame0037_ImageStatus = INVALID
Seq_Frame0038_FrameNumber = 332251
Seq_Frame0038_ProbeToTrackerTransform = 0.0235059 -0.154537 0.987867 195.114 0.133864 0.979777 0.150148 -31.9236 -0.990731 0.128655 0.0436462 7.25537 -0 0 -0 1
Seq_Frame0038_ProbeToTrackerTransformStatus = OK
Seq_Frame0038_ReferenceToTrackerTransform = 0.0637246 0.990385 0.123931 101.129 0.998014 -0.0633761 -0.00583462 -22.9939 0.00206395 0.12405 -0.992363 88.1807 -0 0 -0 1
Seq_Frame0038_ReferenceToTrackerTransformStatus = OK
Seq_Frame0038_StylusToTrackerTransform = -0.0641952 -0.560659 -0.82553 505.42 -0.997941 0.036244 0.0531489 -128.364 0.000227254 0.827351 -0.561902 77.9115 0 0 0 1
Seq_Frame0038_StylusToTrackerTransformStatus = OK
Seq_Frame0038_Timestamp = 7416.695929
Seq_Frame0038_UnfilteredTimestamp = 7416.698000
Seq_Frame0038_ImageStatus = INVALID
Seq_Frame0039_FrameNumber = 332252
Seq_Frame0039_ProbeToTrackerTransform = 0.0229546 -0.15344 0.987989 195.114 0.130274 0.980393 0.149266 -32.1469 -0.991217 0.125275 0.0424888 8.59482 -0 0 -0 1
Seq_Frame0039_ProbeToTrackerTransformStatus = OK
Seq_Frame0039_ReferenceToTrackerTransform = 0.0637244 0.99037 0.124051 101.129 0.998014 -0.0633751 -0.0058423 -22.9939 0.00206392 0.124049 -0.992348 88.1807 -0 0 -0 1
Seq_Frame0039_ReferenceToTrackerTransformStatus = OK
Seq_Frame0039_StylusToTrackerTransform = -0.0641313 -0.560643 -0.825629 505.42 -0.997945 0.036243 0.0531553 -128.364 0.00013293 0.827327 -0.561756 77.9115 0 0 0 1
Seq_Frame0039_StylusToTrackerTransformStatus = OK
Seq_Frame0039_Timestamp = 7416.717557
Seq_Frame0039_UnfilteredTimestamp = 7416.718000
Seq_Frame0039_ImageStatus = INVALID
Seq_Frame0040_FrameNumber = 332254
Seq_Frame0040_ProbeToTrackerTransform = 0.0230042 -0.153072 0.988102 195.225 0.124575 0.981062 0.149139 -32.3701 -0.991953 0.119604 0.0415807 10.9389 -0 0 -0 1
Seq_Frame0040_ProbeToTrackerTransformStatus = OK
Seq_Frame0040_ReferenceToTrackerTransform = 0.0637234 0.990355 0.124049 101.129 0.998014 -0.0633744 -0.00584221 -22.9939 0.00207164 0.124169 -0.992333 88.1807 -0 0 -0 1
Seq_Frame0040_ReferenceToTrackerTransformStatus = OK
Seq_Frame0040_StylusToTrackerTransform = -0.0641248 -0.560503 -0.825602 505.42 -0.997946 0.036234 0.0531536 -128.364 0.000137336 0.827423 -0.561738 77.9115 0 0 0 1
Seq_Frame0040_StylusToTrackerTransformStatus = OK
Seq_Frame0040_Timestamp = 7416.759529
Seq_Frame0040_UnfilteredTimestamp = 7416.758000
Seq_Frame0040_ImageStatus = INVALID
Seq_Frame0041_FrameNumber = 332256
Seq_Frame0041_ProbeToTrackerTransform = 0.0249191 -0.153396 0.987901 195.56 0.121554 0.981383 0.149382 -32.3701 -0.992368 0.116287 0.0430816 13.2829 -0 0 -0 1
Seq_Frame0041_ProbeToTrackerTransformStatus = OK
Seq_Frame0041_ReferenceToTrackerTransform = 0.0637229 0.990347 0.124048 101.129 0.998006 -0.063495 -0.00585733 -22.9939 0.00207162 0.124168 -0.992333 88.1807 -0 0 -0 1
Seq_Frame0041_ReferenceToTrackerTransformStatus = OK
Seq_Frame0041_StylusToTrackerTransform = -0.0641248 -0.56051 -0.825598 505.42 -0.997946 0.0361332 0.053222 -128.364 0.000137336 0.827423 -0.561738 77.9115 0 0 0 1
Seq_Frame0041_StylusToTrackerTransformStatus = OK
Seq_Frame0041_Timestamp = 7416.803171
Seq_Frame0041_UnfilteredTimestamp = 7416.801000
Seq_Frame0041_ImageStatus = INVALID
Seq_Frame0042_FrameNumber = 332257
Seq_Frame0042_ProbeToTrackerTransform = 0.0257121 -0.153569 0.98792 195.783 0.120327 0.98151 0.149605 -32.2585 -0.992506 0.114963 0.0436491 14.3991 -0 0 -0 1
Seq_Frame0042_ProbeToTrackerTransformStatus = OK
Seq_Frame0042_ReferenceToTrackerTransform = 0.0637229 0.990347 0.124048 101.129 0.998006 -0.063495 -0.00585733 -22.9939 0.00207162 0.124168 -0.992333 88.1807 -0 0 -0 1
Seq_Frame0042_ReferenceToTrackerTransformStatus = OK
Seq_Frame0042_StylusToTrackerTransform = -0.0642254 -0.560506 -0.825593 505.532 -0.997939 0.0361329 0.0532217 -128.364 6.89062e-005 0.827425 -0.561734 77.9115 0 0 0 1
Seq_Frame0042_StylusToTrackerTransformStatus = OK
Seq_Frame0042_Timestamp = 7416.823771
Seq_Frame0042_UnfilteredTimestamp = 7416.821000
Seq_Frame0042_ImageStatus = INVALID
Seq_Frame0043_FrameNumber = 332258
Seq_Frame0043_ProbeToTrackerTransform = 0.0259716 -0.154 0.987779 195.895 0.118289 0.981737 0.150013 -32.3701 -0.992725 0.112963 0.0437535 15.5153 -0 0 -0 1
Seq_Frame0043_ProbeToTrackerTransformStatus = OK
Seq_Frame0043_ReferenceToTrackerTransform = 0.0637229 0.990347 0.124048 101.129 0.998006 -0.063495 -0.00585733 -22.9939 0.00207162 0.124168 -0.992333 88.1807 -0 0 -0 1
Seq_Frame0043_ReferenceToTrackerTransformStatus = OK
Seq_Frame0043_StylusToTrackerTransform = -0.0641571 -0.560509 -0.825596 505.532 -0.997944 0.0361331 0.0532219 -128.476 -3.18901e-005 0.827429 -0.561729 77.9115 0 0 0 1
Seq_Frame0043_StylusToTrackerTransformStatus = OK
Seq_Frame0043_Timestamp = 7416.843929
Seq_Frame0043_UnfilteredTimestamp = 7416.841000
Seq_Frame0043_ImageStatus = INVALID
Seq_Frame0044_FrameNumber = 332260
Seq_Frame0044_ProbeToTrackerTransform = 0.0257187 -0.154838 0.987672 196.23 0.112841 0.982213 0.15102 -32.5934 -0.993282 0.10754 0.042639 17.7478 -0 0 -0 1
Seq_Frame0044_ProbeToTrackerTransformStatus = OK
Seq_Frame0044_ReferenceToTrackerTransform = 0.0637229 0.990347 0.124048 101.129 0.998006 -0.063495 -0.00585733 -22.9939 0.00207162 0.124168 -0.992333 88.1807 -0 0 -0 1
Seq_Frame0044_ReferenceToTrackerTransformStatus = OK
Seq_Frame0044_StylusToTrackerTransform = -0.0641571 -0.560509 -0.825596 505.42 -0.997944 0.0361331 0.0532219 -128.476 -3.18901e-005 0.827429 -0.561729 77.9115 0 0 0 1
Seq_Frame0044_StylusToTrackerTransformStatus = OK
Seq_Frame0044_Timestamp = 7416.886929
Seq_Frame0044_UnfilteredTimestamp = 7416.887000
Seq_Frame0044_ImageStatus = INVALID
Seq_Frame0045_FrameNumber = 332261
Seq_Frame0045_ProbeToTrackerTransform = 0.0255173 -0.154997 0.987739 196.342 0.11085 0.98246 0.151385 -32.705 -0.993504 0.105504 0.0422342 18.7523 -0 0 -0 1
Seq_Frame0045_ProbeToTrackerTransformStatus = OK
Seq_Frame0045_ReferenceToTrackerTransform = 0.0637229 0.990347 0.124048 101.129 0.998006 -0.063495 -0.00585733 -22.9939 0.00207162 0.124168 -0.992333 88.1807 -0 0 -0 1
Seq_Frame0045_ReferenceToTrackerTransformStatus = OK
Seq_Frame0045_StylusToTrackerTransform = -0.0641636 -0.560649 -0.825623 505.42 -0.997943 0.0361421 0.0532236 -128.476 -3.62874e-005 0.827334 -0.561747 77.9115 0 0 0 1
Seq_Frame0045_StylusToTrackerTransformStatus = OK
Seq_Frame0045_Timestamp = 7416.907971
Seq_Frame0045_UnfilteredTimestamp = 7416.907000
Seq_Frame0045_ImageStatus = INVALID
Seq_Frame0046_FrameNumber = 332262
Seq_Frame0046_ProbeToTrackerTransform = 0.0255578 -0.155154 0.987694 196.453 0.108888 0.982573 0.151575 -32.8166 -0.9938 0.103689 0.0419697 19.6453 -0 0 -0 1
Seq_Frame0046_ProbeToTrackerTransformStatus = OK
Seq_Frame0046_ReferenceToTrackerTransform = 0.0637217 0.990317 0.124167 101.129 0.998006 -0.0634934 -0.00586493 -22.9939 0.00207931 0.124286 -0.992303 88.1807 -0 0 -0 1
Seq_Frame0046_ReferenceToTrackerTransformStatus = OK
Seq_Frame0046_StylusToTrackerTransform = -0.0642642 -0.560702 -0.825579 505.42 -0.997937 0.0361455 0.0532208 -128.476 -0.000104729 0.82742 -0.5618 77.9115 0 0 0 1
Seq_Frame0046_StylusToTrackerTransformStatus = OK
Seq_Frame0046_Timestamp = 7416.928686
Seq_Frame0046_UnfilteredTimestamp = 7416.927000
Seq_Frame0046_ImageStatus = INVALID
Seq_Frame0047_FrameNumber = 332263
Seq_Frame0047_ProbeToTrackerTransform = 0.0257784 -0.155177 0.987659 196.676 0.105841 0.982941 0.151807 -33.1515 -0.99408 0.100635 0.0417552 20.7615 -0 0 -0 1
Seq_Frame0047_ProbeToTrackerTransformStatus = OK
Seq_Frame0047_ReferenceToTrackerTransform = 0.0637217 0.990317 0.124167 101.129 0.998006 -0.0634934 -0.00586493 -22.9939 0.00207931 0.124286 -0.992303 88.1807 -0 0 -0 1
Seq_Frame0047_ReferenceToTrackerTransformStatus = OK
Seq_Frame0047_StylusToTrackerTransform = -0.0643319 -0.560695 -0.825569 505.42 -0.997924 0.0362137 0.0533211 -128.476 -3.93456e-006 0.827416 -0.561806 77.9115 0 0 0 1
Seq_Frame0047_StylusToTrackerTransformStatus = OK
Seq_Frame0047_Timestamp = 7416.951714
Seq_Frame0047_UnfilteredTimestamp = 7416.958000
Seq_Frame0047_ImageStatus = INVALID
Seq_Frame0048_FrameNumber = 332264
Seq_Frame0048_ProbeToTrackerTransform = 0.0258756 -0.155326 0.98763 196.676 0.103509 0.983155 0.151889 -33.3747 -0.994333 0.0981956 0.0415012 21.5429 -0 0 -0 1
Seq_Frame0048_ProbeToTrackerTransformStatus = OK
Seq_Frame0048_ReferenceToTrackerTransform = 0.0637217 0.990317 0.124167 101.129 0.998006 -0.0634934 -0.00586493 -22.9939 0.00207931 0.124286 -0.992303 88.1807 -0 0 -0 1
Seq_Frame0048_ReferenceToTrackerTransformStatus = OK
Seq_Frame0048_StylusToTrackerTransform = -0.0643319 -0.560695 -0.825569 505.42 -0.997924 0.0362137 0.0533211 -128.476 -3.93456e-006 0.827416 -0.561806 77.9115 0 0 0 1
Seq_Frame0048_StylusToTrackerTransformStatus = OK
Seq_Frame0048_Timestamp = 7416.973943
Seq_Frame0048_UnfilteredTimestamp = 7416.978000
Seq_Frame0048_ImageStatus = INVALID
Seq_Frame0049_FrameNumber = 332266
Seq_Frame0049_ProbeToTrackerTransform = 0.0256191 -0.155632 0.987663 196.676 0.0994113 0.983462 0.152465 -33.5979 -0.994812 0.0942576 0.0405655 22.8823 -0 0 -0 1
Seq_Frame0049_ProbeToTrackerTransformStatus = OK
