ObjectType = Image
NDims = 3
AnatomicalOrientation = RAI
BinaryData = True
BinaryDataByteOrderMSB = False
CenterOfRotation = 0 0 0
CompressedData = False
DimSize = 0 0 343                            
ElementNumberOfChannels = 1
ElementSpacing = 1 1 1
ElementType = MET_OTHER
Offset = 0 0 0
TransformMatrix = 1 0 0 0 1 0 0 0 1
UltrasoundImageOrientation = XX
UltrasoundImageType = XX
Seq_Frame0000_EmPointerToEmTrackerTransform = -0.04963369534541917 0.01715642029262827 -0.9986201247366792 111.0063022300697 0.06512594219799482 -0.9976689781918614 -0.02037698717746241 24.37255337074302 -0.996641915604186 -0.06604746169497905 0.04840067008284821 -117.6153215852361 0 0 0 1 
Seq_Frame0000_EmPointerToEmTrackerTransformStatus = OK
Seq_Frame0000_OpticalPointerToOpticalTrackerTransform = 0.4617642073998934 -0.1238003373638449 -0.878320723444999 1.8 0.3708936601388809 0.9264390675885654 0.06440921451480249 9.609999999999999 0.8057367495858262 -0.3555054577840229 0.4737131620006349 -1443.2 0 0 0 1 
Seq_Frame0000_OpticalPointerToOpticalTrackerTransformStatus = OK
Seq_Frame0000_ReferenceToOpticalTrackerTransform = 0.1859731181069554 0.7853876428268727 -0.5904068511089834 -238.02 0.2884401138584188 0.5307752696505943 0.7969190133537295 -62.05 0.9392637010227315 -0.3185025331487771 -0.1278273692089972 -1401.91 0 0 0 1 
Seq_Frame0000_ReferenceToOpticalTrackerTransformStatus = OK
Seq_Frame0000_Timestamp = 10359.20427142857
Seq_Frame0000_ImageStatus = INVALID
Seq_Frame0001_EmPointerToEmTrackerTransform = -0.04100528057665509 0.01651716722573142 -0.9990223972222381 114.1085364896217 0.07014442289610859 -0.9973487941239849 -0.0193686033571132 23.84768008332744 -0.9966936976330301 -0.0708700645284772 0.03973797997291517 -117.5566287083363 0 0 0 1 
Seq_Frame0001_EmPointerToEmTrackerTransformStatus = OK
Seq_Frame0001_OpticalPointerToOpticalTrackerTransform = 0.4551700541345529 -0.1251579050315946 -0.8815643598894244 3.45 0.3673393192465512 0.9282846652067259 0.05787404321038222 10.76 0.8110992826742165 -0.3501757832148579 0.4685028009470512 -1440.02 0 0 0 1 
Seq_Frame0001_OpticalPointerToOpticalTrackerTransformStatus = OK
Seq_Frame0001_ReferenceToOpticalTrackerTransform = 0.1859569443780615 0.785371298164937 -0.5904336870947458 -238.03 0.2881310440308688 0.5309095007400436 0.7969414053050821 -62.06 0.9393617600814163 -0.3183190632724958 -0.1275635435932414 -1401.94 0 0 0 1 
Seq_Frame0001_ReferenceToOpticalTrackerTransformStatus = OK
Seq_Frame0001_Timestamp = 10359.25732857143
Seq_Frame0001_ImageStatus = INVALID
Seq_Frame0002_EmPointerToEmTrackerTransform = -0.03687643260492157 0.01309959667344377 -0.9992339712426356 117.5605137296378 0.07307910092640491 -0.9972014615060625 -0.01576991369543078 23.25469514892974 -0.9966441560186481 -0.07360465839310791 0.03581592574136394 -118.1692306323203 0 0 0 1 
Seq_Frame0002_EmPointerToEmTrackerTransformStatus = OK
Seq_Frame0002_OpticalPointerToOpticalTrackerTransform = 0.4549320921118472 -0.1278918074561104 -0.8812947731334545 5.83 0.365099427173937 0.9294247645330123 0.05359118724210053 11.66 0.8122433132036242 -0.3461405677732156 0.4695183782320295 -1437.07 0 0 0 1 
Seq_Frame0002_OpticalPointerToOpticalTrackerTransformStatus = OK
Seq_Frame0002_ReferenceToOpticalTrackerTransform = 0.1860846958028162 0.7853617971390003 -0.5904060751572371 -238.01 0.2877684371889645 0.5309867514752548 0.7970209509891049 -62.09 0.9394476103252348 -0.3182136347681472 -0.1271938288670083 -1401.92 0 0 0 1 
Seq_Frame0002_ReferenceToOpticalTrackerTransformStatus = OK
Seq_Frame0002_Timestamp = 10359.30728571429
Seq_Frame0002_ImageStatus = INVALID
Seq_Frame0003_EmPointerToEmTrackerTransform = -0.0265585660454325 0.009983402138753065 -0.9995974060847427 124.0683799236411 0.08031263015590723 -0.9966964206906148 -0.01208827613670686 21.77696854652179 -0.9964158388981232 -0.08060134405984031 0.02566903443249036 -120.9311112196919 0 0 0 1 
Seq_Frame0003_EmPointerToEmTrackerTransformStatus = OK
Seq_Frame0003_OpticalPointerToOpticalTrackerTransform = 0.4507486148063075 -0.1309070033508516 -0.883000024192466 11.92 0.3616432422956873 0.9311530424296151 0.04656368623653814 13.46 0.8161126463620438 -0.3403195087675287 0.4670575771788421 -1432.12 0 0 0 1 
Seq_Frame0003_OpticalPointerToOpticalTrackerTransformStatus = OK
Seq_Frame0003_ReferenceToOpticalTrackerTransform = 0.1853377111172701 0.7855370298448988 -0.5904079162581289 -238.02 0.287251092887348 0.5312661850197493 0.797021361250491 -62.07 0.9397535541155647 -0.3173134340002263 -0.1271827116008641 -1401.96 0 0 0 1 
Seq_Frame0003_ReferenceToOpticalTrackerTransformStatus = OK
Seq_Frame0003_Timestamp = 10359.40695714286
Seq_Frame0003_ImageStatus = INVALID
Seq_Frame0004_EmPointerToEmTrackerTransform = -0.02980193096707484 0.006077666309635717 -0.9995373464172623 127.9085484474965 0.08240256970710169 -0.996562735715403 -0.00851647163433043 20.90174170365493 -0.9961534326680303 -0.08261825316272931 0.02919867853241331 -122.8726844404789 0 0 0 1 
Seq_Frame0004_EmPointerToEmTrackerTransformStatus = OK
Seq_Frame0004_OpticalPointerToOpticalTrackerTransform = 0.4505555393420996 -0.133098848755507 -0.8827708663226875 14.8 0.3582966168567298 0.9326512800281176 0.04225073030061607 13.84 0.8176938548852933 -0.3353301154412951 0.4679000677077918 -1429.58 0 0 0 1 
Seq_Frame0004_OpticalPointerToOpticalTrackerTransformStatus = OK
Seq_Frame0004_ReferenceToOpticalTrackerTransform = 0.1854097267441595 0.7855889617269363 -0.5903162003887832 -237.98 0.2873470729284938 0.531130822065365 0.7970769784227847 -62.09 0.9397100046865964 -0.3174114570474159 -0.1272598680926296 -1401.91 0 0 0 1 
Seq_Frame0004_ReferenceToOpticalTrackerTransformStatus = OK
Seq_Frame0004_Timestamp = 10359.45704285714
Seq_Frame0004_ImageStatus = INVALID
Seq_Frame0005_EmPointerToEmTrackerTransform = -0.02737398042083761 0.003151900898512568 -0.9996202932697222 130.7589308944963 0.08682372913133445 -0.9962084035902593 -0.005518756732761364 19.73161853712684 -0.9958475311289615 -0.08694183191578542 0.02699652954509235 -124.1479713066232 0 0 0 1 
Seq_Frame0005_EmPointerToEmTrackerTransformStatus = OK
Seq_Frame0005_OpticalPointerToOpticalTrackerTransform = 0.4475799523240139 -0.138314363543609 -0.8834824973451142 16.74 0.3584956481394187 0.9328533678859438 0.03557336488090517 14.16 0.8192393157940673 -0.3326465554629693 0.4671115633292439 -1427.59 0 0 0 1 
Seq_Frame0005_OpticalPointerToOpticalTrackerTransformStatus = OK
Seq_Frame0005_ReferenceToOpticalTrackerTransform = 0.1863780556850313 0.785213916230825 -0.5905102252429828 -238 0.2877766157467428 0.5310494032423526 0.7969762548189832 -62.08 0.939386948913183 -0.3184739189845725 -0.1269902482011473 -1401.94 0 0 0 1 
Seq_Frame0005_ReferenceToOpticalTrackerTransformStatus = OK
Seq_Frame0005_Timestamp = 10359.50682857143
Seq_Frame0005_ImageStatus = INVALID
Seq_Frame0006_EmPointerToEmTrackerTransform = -0.02461011901464572 -0.0003078985397115425 -0.9996970777393389 134.530099814165 0.09031554822323137 -0.9959113556573034 -0.001916617324610471 18.5715711866675 -0.9956090818143544 -0.09033535781365497 0.02453730501617479 -125.7757378441662 0 0 0 1 
Seq_Frame0006_EmPointerToEmTrackerTransformStatus = OK
Seq_Frame0006_OpticalPointerToOpticalTrackerTransform = 0.4456926394226685 -0.138514041533362 -0.8844048459063019 19.07 0.3557668889155036 0.933991673355283 0.03300719397922303 14.83 0.8214548021138102 -0.3293530239744162 0.465551923723948 -1425.04 0 0 0 1 
Seq_Frame0006_OpticalPointerToOpticalTrackerTransformStatus = OK
Seq_Frame0006_ReferenceToOpticalTrackerTransform = 0.1858381362028234 0.785414508656367 -0.5904136149554298 -237.98 0.2878977230464452 0.5309845279769301 0.7969757412329369 -62.09 0.9394568048597728 -0.3180872217508816 -0.127441873658042 -1401.9 0 0 0 1 
Seq_Frame0006_ReferenceToOpticalTrackerTransformStatus = OK
Seq_Frame0006_Timestamp = 10359.60664285714
Seq_Frame0006_ImageStatus = INVALID
Seq_Frame0007_EmPointerToEmTrackerTransform = -0.02218381592171703 -0.002345689897866326 -0.9997511570636238 135.683947030632 0.0892376059865401 -0.9960103023458488 0.0003567894644213091 18.28442000020601 -0.9957632891349945 -0.08920748488682966 0.02230463295424645 -125.642472812912 0 0 0 1 
Seq_Frame0007_EmPointerToEmTrackerTransformStatus = OK
Seq_Frame0007_OpticalPointerToOpticalTrackerTransform = 0.4440586975609131 -0.1325697388729589 -0.8861360716366653 19.11 0.3509539271325965 0.9357049156864313 0.03588386532213314 14.78 0.8244047635419837 -0.3269274768131372 0.4620337766374684 -1423.68 0 0 0 1 
Seq_Frame0007_OpticalPointerToOpticalTrackerTransformStatus = OK
Seq_Frame0007_ReferenceToOpticalTrackerTransform = 0.1862286208221 0.7853686313294994 -0.5903516017682408 -238.01 0.2877148910928113 0.5309298392319072 0.7970781939412424 -62.08 0.9394354912553338 -0.318291719554264 -0.1270879185172198 -1401.96 0 0 0 1 
Seq_Frame0007_ReferenceToOpticalTrackerTransformStatus = OK
Seq_Frame0007_Timestamp = 10359.65667142857
Seq_Frame0007_ImageStatus = INVALID
Seq_Frame0008_EmPointerToEmTrackerTransform = -0.01716206458303549 -0.00524691899961025 -0.9998389537221778 136.4769123925407 0.08554022445791151 -0.9963276222345991 0.003760209042015231 18.0826171875 -0.9961868968918121 -0.08546191557273372 0.01754786162759181 -125.0513102637093 0 0 0 1 
Seq_Frame0008_EmPointerToEmTrackerTransformStatus = OK
Seq_Frame0008_OpticalPointerToOpticalTrackerTransform = 0.4397472113429646 -0.130380451777572 -0.8886075218623587 18.72 0.3503571030439747 0.9359218024055761 0.03605939722917666 14.98 0.826965712991004 -0.3271869764770201 0.457248720021288 -1422.4 0 0 0 1 
Seq_Frame0008_OpticalPointerToOpticalTrackerTransformStatus = OK
Seq_Frame0008_ReferenceToOpticalTrackerTransform = 0.1858381362028234 0.785414508656367 -0.5904136149554298 -238 0.2878977230464452 0.5309845279769301 0.7969757412329369 -62.08 0.9394568048597728 -0.3180872217508816 -0.127441873658042 -1401.91 0 0 0 1 
Seq_Frame0008_ReferenceToOpticalTrackerTransformStatus = OK
Seq_Frame0008_Timestamp = 10359.7064
Seq_Frame0008_ImageStatus = INVALID
Seq_Frame0009_EmPointerToEmTrackerTransform = -0.009572615016421038 -0.01143741622077327 -0.9998887690898125 137.7310180409135 0.07804118102919316 -0.9968931856159401 0.01065600938774597 17.05336917461533 -0.9969041774941642 -0.07793049456211491 0.01043546414818641 -122.5012329526442 0 0 0 1 
Seq_Frame0009_EmPointerToEmTrackerTransformStatus = OK
Seq_Frame0009_OpticalPointerToOpticalTrackerTransform = 0.4343380129741933 -0.1220392750559195 -0.8924443432671053 16.93 0.3446540840242904 0.9378990896740067 0.03948240056084076 14.08 0.8322043335930225 -0.3247332950784304 0.4494265615386993 -1418.96 0 0 0 1 
Seq_Frame0009_OpticalPointerToOpticalTrackerTransformStatus = OK
Seq_Frame0009_ReferenceToOpticalTrackerTransform = 0.185472726955384 0.7855103353251267 -0.590401033750061 -238.01 0.2877936484764685 0.5310572968014032 0.7969648445261492 -62.08 0.9395608992781344 -0.3177289105690471 -0.1275682403118814 -1401.93 0 0 0 1 
Seq_Frame0009_ReferenceToOpticalTrackerTransformStatus = OK
Seq_Frame0009_Timestamp = 10359.80628571429
Seq_Frame0009_ImageStatus = INVALID
Seq_Frame0010_EmPointerToEmTrackerTransform = -0.01144213360301205 -0.01454524049311969 -0.9998287421141725 138.44625918773 0.07599960517722797 -0.997014623226113 0.01363455485880624 16.07509364027998 -0.997042194489038 -0.07583058124720953 0.01251340705779469 -121.37154412454 0 0 0 1 
Seq_Frame0010_EmPointerToEmTrackerTransformStatus = OK
Seq_Frame0010_OpticalPointerToOpticalTrackerTransform = 0.4369249127230311 -0.1147347398621059 -0.8921505254780422 16.47 0.3404831119175058 0.93912602935937 0.04597337793413873 13.18 0.8325670370252134 -0.3238491013550583 0.4493927996870648 -1417.74 0 0 0 1 
Seq_Frame0010_OpticalPointerToOpticalTrackerTransformStatus = OK
Seq_Frame0010_ReferenceToOpticalTrackerTransform = 0.1863474237118109 0.7853253580341607 -0.5903716792872842 -238.01 0.2879482282380492 0.5308548059274096 0.7970439090027228 -62.08 0.9393404364396005 -0.3185235580805437 -0.127209619986742 -1401.95 0 0 0 1 
Seq_Frame0010_ReferenceToOpticalTrackerTransformStatus = OK
Seq_Frame0010_Timestamp = 10359.85614285714
Seq_Frame0010_ImageStatus = INVALID
Seq_Frame0011_EmPointerToEmTrackerTransform = -0.01214556314460769 -0.01829840673306699 -0.9997587977141944 138.6295935714087 0.07042653792443697 -0.9973652173701101 0.01739902112910181 15.28448011156742 -0.997443024965275 -0.07019822997273036 0.01340225566154696 -120.6547926115674 0 0 0 1 
Seq_Frame0011_EmPointerToEmTrackerTransformStatus = OK
Seq_Frame0011_OpticalPointerToOpticalTrackerTransform = 0.437136888399648 -0.1102441795356158 -0.8926127725272548 15.97 0.3372383575485493 0.9401411130954709 0.04904057162764099 12.16 0.8337755279439608 -0.3224607082205953 0.4481489268710142 -1417.33 0 0 0 1 
Seq_Frame0011_OpticalPointerToOpticalTrackerTransformStatus = OK
Seq_Frame0011_ReferenceToOpticalTrackerTransform = 0.1860846958028162 0.7853617971390003 -0.5904060751572371 -238.01 0.2877684371889645 0.5309867514752548 0.7970209509891049 -62.09 0.9394476103252348 -0.3182136347681472 -0.1271938288670083 -1401.95 0 0 0 1 
Seq_Frame0011_ReferenceToOpticalTrackerTransformStatus = OK
Seq_Frame0011_Timestamp = 10359.90625714286
Seq_Frame0011_ImageStatus = INVALID
Seq_Frame0012_EmPointerToEmTrackerTransform = -0.01400816095755952 -0.02147957909485426 -0.9996711454816004 137.3678978397711 0.0624245222231172 -0.9978377831397842 0.02056544587158262 14.22518059109742 -0.9979513767973883 -0.06211590956099208 0.0153187247383062 -120.5261304075763 0 0 0 1 
Seq_Frame0012_EmPointerToEmTrackerTransformStatus = OK
Seq_Frame0012_OpticalPointerToOpticalTrackerTransform = 0.4386596989368822 -0.1041651039760809 -0.8925958209863275 15.71 0.3350178987829355 0.9406125171025859 0.05487349237112957 10 0.8338708988948292 -0.3231063660524037 0.4475059778290559 -1418.29 0 0 0 1 
Seq_Frame0012_OpticalPointerToOpticalTrackerTransformStatus = OK
Seq_Frame0012_ReferenceToOpticalTrackerTransform = 0.1862196676957378 0.7853348656544813 -0.5903993429457273 -238.02 0.2883108275748433 0.5307774848170319 0.7969643206031334 -62.08 0.9392545459386383 -0.3186289541124013 -0.1275793381972147 -1401.95 0 0 0 1 
Seq_Frame0012_ReferenceToOpticalTrackerTransformStatus = OK
Seq_Frame0012_Timestamp = 10360.00592857143
Seq_Frame0012_ImageStatus = INVALID
Seq_Frame0013_EmPointerToEmTrackerTransform = -0.01567924129968601 -0.02095911568679978 -0.9996573797366245 136.4357855355898 0.06219765197164054 -0.9978645248600934 0.01994597991965231 13.72939453125 -0.9979406863543952 -0.06186360396362176 0.01694936645279876 -120.8124294978301 0 0 0 1 
Seq_Frame0013_EmPointerToEmTrackerTransformStatus = OK
Seq_Frame0013_OpticalPointerToOpticalTrackerTransform = 0.4409249962988102 -0.1018191571340591 -0.8917499688137948 15.77 0.334931853253485 0.94044146385032 0.05822805807557995 9.300000000000001 0.8327099142649138 -0.3243496759850038 0.4487666279630683 -1419.48 0 0 0 1 
Seq_Frame0013_OpticalPointerToOpticalTrackerTransformStatus = OK
Seq_Frame0013_ReferenceToOpticalTrackerTransform = 0.1858381362028234 0.785414508656367 -0.5904136149554298 -238.03 0.2878977230464452 0.5309845279769301 0.7969757412329369 -62.08 0.9394568048597728 -0.3180872217508816 -0.127441873658042 -1401.96 0 0 0 1 
Seq_Frame0013_ReferenceToOpticalTrackerTransformStatus = OK
Seq_Frame0013_Timestamp = 10360.05587142857
Seq_Frame0013_ImageStatus = INVALID
Seq_Frame0014_EmPointerToEmTrackerTransform = -0.01944869610688638 -0.0193219461269049 -0.9996241346714327 135.3077824140536 0.06035774869021889 -0.9980123925245478 0.01811647152389271 13.79176382968929 -0.9979873197555119 -0.05998272055597862 0.02057626890165043 -121.5192368015679 0 0 0 1 
Seq_Frame0014_EmPointerToEmTrackerTransformStatus = OK
Seq_Frame0014_OpticalPointerToOpticalTrackerTransform = 0.4457146343341725 -0.1013398462386272 -0.889420429439692 16.1 0.3380127437713842 0.9390712108983149 0.06239107235905791 8.779999999999999 0.8289064179921009 -0.3284440537234676 0.4528119408597797 -1421.13 0 0 0 1 
Seq_Frame0014_OpticalPointerToOpticalTrackerTransformStatus = OK
Seq_Frame0014_ReferenceToOpticalTrackerTransform = 0.1860378752022804 0.7854568907651406 -0.5902943178955553 -238.06 0.2876309818308146 0.5309263158930656 0.7971108237775085 -62.04 0.939498976732419 -0.3180797381817565 -0.1271493329788356 -1401.99 0 0 0 1 
Seq_Frame0014_ReferenceToOpticalTrackerTransformStatus = OK
Seq_Frame0014_Timestamp = 10360.10568571429
Seq_Frame0014_ImageStatus = INVALID
Seq_Frame0015_EmPointerToEmTrackerTransform = -0.02453054783993536 -0.01578448059887935 -0.9995744606555814 132.012817568557 0.06024696319527731 -0.9980813178258639 0.01428238189988412 13.95263671875 -0.9978820349362042 -0.05987097108959264 0.02543444853677024 -122.8941430106829 0 0 0 1 
Seq_Frame0015_EmPointerToEmTrackerTransformStatus = OK
Seq_Frame0015_OpticalPointerToOpticalTrackerTransform = 0.4470954115182987 -0.1030688788346106 -0.8885282771049324 15.64 0.3415027336613169 0.9377629686680762 0.0630594758675066 7.17 0.8267294454058902 -0.3316284378798256 0.4544678242607015 -1424.88 0 0 0 1 
Seq_Frame0015_OpticalPointerToOpticalTrackerTransformStatus = OK
Seq_Frame0015_ReferenceToOpticalTrackerTransform = 0.1858381362028234 0.785414508656367 -0.5904136149554298 -238.03 0.2878977230464452 0.5309845279769301 0.7969757412329369 -62.07 0.9394568048597728 -0.3180872217508816 -0.127441873658042 -1401.95 0 0 0 1 
Seq_Frame0015_ReferenceToOpticalTrackerTransformStatus = OK
Seq_Frame0015_Timestamp = 10360.20532857143
Seq_Frame0015_ImageStatus = INVALID
Seq_Frame0016_EmPointerToEmTrackerTransform = -0.02509824842182917 -0.01356932490915809 -0.9995928928056991 129.6710009455508 0.06099109033027969 -0.9980659666099697 0.0120172041353349 13.95263671875 -0.997822712121988 -0.06066464964389352 0.02587731549260552 -123.3174920693062 0 0 0 1 
Seq_Frame0016_EmPointerToEmTrackerTransformStatus = OK
Seq_Frame0016_OpticalPointerToOpticalTrackerTransform = 0.4477623798138584 -0.1064860140092709 -0.8877891529208088 14.8 0.3419825316059482 0.9377889943858313 0.05999791734050285 6.25 0.8261699578778065 -0.3304731923004172 0.4563229885409619 -1426.85 0 0 0 1 
Seq_Frame0016_OpticalPointerToOpticalTrackerTransformStatus = OK
Seq_Frame0016_ReferenceToOpticalTrackerTransform = 0.1853288315711784 0.7855034172357559 -0.5904554222796262 -238.07 0.2878471443740678 0.5311142181365909 0.7969075911100685 -62.05 0.9395729059866277 -0.3176508599140061 -0.1276741380692899 -1401.97 0 0 0 1 
Seq_Frame0016_ReferenceToOpticalTrackerTransformStatus = OK
Seq_Frame0016_Timestamp = 10360.25685714286
Seq_Frame0016_ImageStatus = INVALID
Seq_Frame0017_EmPointerToEmTrackerTransform = -0.02475316134419114 -0.01059566618571921 -0.9996374407061539 127.1964326902499 0.06439637781670264 -0.9978839719273926 0.00898248821312745 13.95263671875 -0.9976173552658137 -0.06415068533142333 0.0253831054828163 -123.2115502468333 0 0 0 1 
Seq_Frame0017_EmPointerToEmTrackerTransformStatus = OK
Seq_Frame0017_OpticalPointerToOpticalTrackerTransform = 0.4454840053877178 -0.1106563465423643 -0.8884251087816079 13.46 0.3465473654855977 0.9362898164891131 0.05715157927629095 5.55 0.8254991971036114 -0.3333414953297576 0.4554498030218191 -1428.86 0 0 0 1 
Seq_Frame0017_OpticalPointerToOpticalTrackerTransformStatus = OK
Seq_Frame0017_ReferenceToOpticalTrackerTransform = 0.1862196676957378 0.7853348656544813 -0.5903993429457273 -238.04 0.2883108275748433 0.5307774848170319 0.7969643206031334 -62.07 0.9392545459386383 -0.3186289541124013 -0.1275793381972147 -1401.93 0 0 0 1 
Seq_Frame0017_ReferenceToOpticalTrackerTransformStatus = OK
Seq_Frame0017_Timestamp = 10360.3068
Seq_Frame0017_ImageStatus = INVALID
Seq_Frame0018_EmPointerToEmTrackerTransform = -0.02572958618228938 -0.004562969275545518 -0.9996585255507394 122.1845402457944 0.07099018093387655 -0.997473289918614 0.00272582279547932 14.18038528518951 -0.9971451161219531 -0.07089580530840531 0.02598850099195915 -122.327705992121 0 0 0 1 
Seq_Frame0018_EmPointerToEmTrackerTransformStatus = OK
Seq_Frame0018_OpticalPointerToOpticalTrackerTransform = 0.4493158720371864 -0.1171727427731949 -0.8856555738471188 10.56 0.3498187979016247 0.9352750373383201 0.05373465517211375 4.17 0.822035312970267 -0.3339628016453485 0.4612231470200347 -1432.88 0 0 0 1 
Seq_Frame0018_OpticalPointerToOpticalTrackerTransformStatus = OK
Seq_Frame0018_ReferenceToOpticalTrackerTransform = 0.1855915668400877 0.7854671892493818 -0.5904210911972209 -238.07 0.2880269986066882 0.5309823232214879 0.7969304991653502 -62.04 0.9394659218893808 -0.3179607948143718 -0.1276899156924652 -1401.97 0 0 0 1 
Seq_Frame0018_ReferenceToOpticalTrackerTransformStatus = OK
Seq_Frame0018_Timestamp = 10360.40948571429
Seq_Frame0018_ImageStatus = INVALID
Seq_Frame0019_EmPointerToEmTrackerTransform = -0.02677639001833876 -0.004677147433483748 -0.9996305063519576 119.7737524190581 0.07312476298320428 -0.9973191254483247 0.002707591852308941 14.2875 -0.9969632861726835 -0.07302524431231947 0.02704662117326395 -121.7671706764574 0 0 0 1 
Seq_Frame0019_EmPointerToEmTrackerTransformStatus = OK
Seq_Frame0019_OpticalPointerToOpticalTrackerTransform = 0.4479316492482787 -0.120436660132177 -0.885918872413227 9.120000000000001 0.3488465328073937 0.9358900905542145 0.04915114394074983 3.36 0.8232030941086027 -0.3310660799578096 0.4612287030870825 -1434.57 0 0 0 1 
Seq_Frame0019_OpticalPointerToOpticalTrackerTransformStatus = OK
Seq_Frame0019_ReferenceToOpticalTrackerTransform = 0.1857913251132962 0.7855095806499278 -0.5903018568663158 -238.03 0.2877602819356881 0.530924092196012 0.7970656362346417 -62.08 0.93950817114751 -0.3179533095173178 -0.1273973677673364 -1401.94 0 0 0 1 
Seq_Frame0019_ReferenceToOpticalTrackerTransformStatus = OK
Seq_Frame0019_Timestamp = 10360.46221428571
Seq_Frame0019_ImageStatus = INVALID
Seq_Frame0020_EmPointerToEmTrackerTransform = -0.02780437562046967 -0.007607927367415671 -0.9995844317202665 117.391769440502 0.07842960520174412 -0.9969049968920068 0.005405941143435014 14.17167625818775 -0.9965318428049624 -0.07824670352749603 0.02831500773133866 -121.2121025163755 0 0 0 1 
Seq_Frame0020_EmPointerToEmTrackerTransformStatus = OK
Seq_Frame0020_OpticalPointerToOpticalTrackerTransform = 0.4513797461676495 -0.1235401114470084 -0.8837387428495421 7.68 0.3441915666413056 0.9378349017106593 0.04469745615090027 2.49 0.8232791083239219 -0.3243509488147348 0.4658411443833073 -1436.28 0 0 0 1 
Seq_Frame0020_OpticalPointerToOpticalTrackerTransformStatus = OK
Seq_Frame0020_ReferenceToOpticalTrackerTransform = 0.1861566920615892 0.7854136558137451 -0.5903143867990808 -238.06 0.2878643113283675 0.5308513254453363 0.7970765386939792 -62.05 0.9394039728807472 -0.3183115761863173 -0.1272710344173053 -1401.98 0 0 0 1 
Seq_Frame0020_ReferenceToOpticalTrackerTransformStatus = OK
Seq_Frame0020_Timestamp = 10360.51442857143
Seq_Frame0020_ImageStatus = INVALID
Seq_Frame0021_EmPointerToEmTrackerTransform = -0.03047778688228242 -0.009329701589745457 -0.999491901505462 115.1102686818143 0.08239882487973098 -0.9965763047791569 0.006789875636554829 14.23467717771508 -0.9961332933725271 -0.08215001777824978 0.03114219667646545 -120.7152251660349 0 0 0 1 
Seq_Frame0021_EmPointerToEmTrackerTransformStatus = OK
Seq_Frame0021_OpticalPointerToOpticalTrackerTransform = 0.4546797262896343 -0.1248329200864718 -0.8818634183159363 6.350000000000001 0.344145021259361 0.9378528581002928 0.04467908789921917 1.93 0.8214807063124352 -0.3238035803010781 0.4693833087580193 -1438.32 0 0 0 1 
Seq_Frame0021_OpticalPointerToOpticalTrackerTransformStatus = OK
Seq_Frame0021_ReferenceToOpticalTrackerTransform = 0.1863474237118109 0.7853253580341607 -0.5903716792872842 -238.06 0.2879482282380492 0.5308548059274096 0.7970439090027228 -62.06 0.9393404364396005 -0.3185235580805437 -0.127209619986742 -1401.99 0 0 0 1 
Seq_Frame0021_ReferenceToOpticalTrackerTransformStatus = OK
Seq_Frame0021_Timestamp = 10360.5667
Seq_Frame0021_ImageStatus = INVALID
Seq_Frame0022_EmPointerToEmTrackerTransform = -0.02817559745623466 -0.01060599877443613 -0.9995467215182995 111.2910839362093 0.08208122921051846 -0.9965914053792121 0.008260904041158248 13.95506345247962 -0.9962272870782424 -0.08181126764867754 0.02895011168271899 -120.104296875 0 0 0 1 
Seq_Frame0022_EmPointerToEmTrackerTransformStatus = OK
Seq_Frame0022_OpticalPointerToOpticalTrackerTransform = 0.4529895326974559 -0.1251329178497228 -0.8826903398910374 4.66 0.3416545473111934 0.9388760619250808 0.04223636638769394 -0.08 0.8234516704507461 -0.3207078003642358 0.4680532589539457 -1440.49 0 0 0 1 
Seq_Frame0022_OpticalPointerToOpticalTrackerTransformStatus = OK
Seq_Frame0022_ReferenceToOpticalTrackerTransform = 0.1857913251132962 0.7855095806499278 -0.5903018568663158 -238.07 0.2877602819356881 0.530924092196012 0.7970656362346417 -62.05 0.93950817114751 -0.3179533095173178 -0.1273973677673364 -1401.98 0 0 0 1 
Seq_Frame0022_ReferenceToOpticalTrackerTransformStatus = OK
Seq_Frame0022_Timestamp = 10360.66748571428
Seq_Frame0022_ImageStatus = INVALID
Seq_Frame0023_EmPointerToEmTrackerTransform = -0.02791869629457067 -0.01195037836929912 -0.9995387610563395 109.592720094165 0.08007653379777495 -0.9967417123045652 0.009680273090015019 13.6177734375 -0.9963976591362233 -0.07976933877746545 0.02878467402734675 -120.4718639217713 0 0 0 1 
Seq_Frame0023_EmPointerToEmTrackerTransformStatus = OK
Seq_Frame0023_OpticalPointerToOpticalTrackerTransform = 0.4497209749741812 -0.1187496946573779 -0.8852398289091219 4.5 0.3402570663595964 0.9391633984692591 0.04687472419154149 -1.26 0.8258184869937421 -0.3222896538743547 0.4627669019548779 -1441.87 0 0 0 1 
Seq_Frame0023_OpticalPointerToOpticalTrackerTransformStatus = OK
Seq_Frame0023_ReferenceToOpticalTrackerTransform = 0.1861655921985869 0.7854474149415387 -0.5902666606229796 -238.05 0.2872683023801739 0.5310034946300333 0.7971901975929616 -62.07 0.9395846394705282 -0.3179742867785798 -0.1267795654618325 -1401.99 0 0 0 1 
Seq_Frame0023_ReferenceToOpticalTrackerTransformStatus = OK
Seq_Frame0023_Timestamp = 10360.71621428571
Seq_Frame0023_ImageStatus = INVALID
Seq_Frame0024_EmPointerToEmTrackerTransform = -0.03018186027523773 -0.01203185749446504 -0.999472005468667 108.0631345594096 0.07624975273011571 -0.9970415662041262 0.009700024217445105 13.50893550563191 -0.996631843018736 -0.07591672850206134 0.03100999539861404 -121.2121583268543 0 0 0 1 
Seq_Frame0024_EmPointerToEmTrackerTransformStatus = OK
Seq_Frame0024_OpticalPointerToOpticalTrackerTransform = 0.4544235192056506 -0.1167144253264216 -0.8831064534434536 4.69 0.3409213932863066 0.9386872870397307 0.0513690641311817 -2.22 0.8229652901504868 -0.3244131934288634 0.4663520249090934 -1443.54 0 0 0 1 
Seq_Frame0024_OpticalPointerToOpticalTrackerTransformStatus = OK
Seq_Frame0024_ReferenceToOpticalTrackerTransform = 0.185919039263597 0.7855000985271062 -0.5902742634176146 -238.04 0.2873976179744328 0.5310012524374481 0.7971450803288468 -62.07 0.9395939122950526 -0.3178478647462774 -0.1270276145344354 -1401.97 0 0 0 1 
Seq_Frame0024_ReferenceToOpticalTrackerTransformStatus = OK
Seq_Frame0024_Timestamp = 10360.76511428571
Seq_Frame0024_ImageStatus = INVALID
Seq_Frame0025_EmPointerToEmTrackerTransform = -0.03388185103946328 -0.01419198959393368 -0.9993250760395765 105.1704777115001 0.07548240775162246 -0.9970796485089764 0.01160089001905804 12.05147982545005 -0.9965713352741777 -0.07503840323848951 0.03485414967059763 -122.08647086395 0 0 0 1 
Seq_Frame0025_EmPointerToEmTrackerTransformStatus = OK
Seq_Frame0025_OpticalPointerToOpticalTrackerTransform = 0.4567230989370395 -0.1157661325031077 -0.8820443375832191 4.32 0.3372108486154307 0.9400341726079631 0.05123082963727131 -5.24 0.8232210240715479 -0.3208332228659228 0.4683729162025242 -1445.41 0 0 0 1 
Seq_Frame0025_OpticalPointerToOpticalTrackerTransformStatus = OK
Seq_Frame0025_ReferenceToOpticalTrackerTransform = 0.1854259040659984 0.7856053729195668 -0.5902892783552957 -238.03 0.2876562183473307 0.5309968242786525 0.797054748842323 -62.07 0.9396122254139842 -0.3175949789368442 -0.1275237044893439 -1401.96 0 0 0 1 
Seq_Frame0025_ReferenceToOpticalTrackerTransformStatus = OK
Seq_Frame0025_Timestamp = 10360.86555714285
Seq_Frame0025_ImageStatus = INVALID
Seq_Frame0026_EmPointerToEmTrackerTransform = -0.03411731371278226 -0.01563420549148903 -0.9992955421313925 103.6452668125243 0.07311560697513783 -0.9972373577264017 0.01310573811435141 11.25682070834144 -0.9967397438256792 -0.0726169675318013 0.03516616420374208 -122.3451736302043 0 0 0 1 
Seq_Frame0026_EmPointerToEmTrackerTransformStatus = OK
Seq_Frame0026_OpticalPointerToOpticalTrackerTransform = 0.4542673257778159 -0.1112910986821221 -0.8838865810073134 4.07 0.337443488660448 0.9397315722810039 0.05510411980005442 -6.75 0.8244835284536241 -0.3232937726161747 0.4644438048852234 -1446.38 0 0 0 1 
Seq_Frame0026_OpticalPointerToOpticalTrackerTransformStatus = OK
Seq_Frame0026_ReferenceToOpticalTrackerTransform = 0.1856004626354174 0.7855008480612372 -0.5903735139423144 -238.01 0.2874309779619909 0.5311344207294181 0.7970443275152512 -62.08 0.9396466895473706 -0.3176234324030622 -0.1271984827392403 -1401.93 0 0 0 1 
Seq_Frame0026_ReferenceToOpticalTrackerTransformStatus = OK
Seq_Frame0026_Timestamp = 10360.91422857143
Seq_Frame0026_ImageStatus = INVALID
Seq_Frame0027_EmPointerToEmTrackerTransform = -0.03413421313388598 -0.01643648290857059 -0.9992820910650438 102.0898610408209 0.0703939272576868 -0.9974210036399269 0.01400130362360425 10.58228403603545 -0.996935078377208 -0.0698654673463015 0.03520320970469792 -122.4038928557618 0 0 0 1 
Seq_Frame0027_EmPointerToEmTrackerTransformStatus = OK
Seq_Frame0027_OpticalPointerToOpticalTrackerTransform = 0.4574084333087068 -0.1093235426847029 -0.8825111263621216 3.41 0.334167038566305 0.9408095786345846 0.05665445335753493 -8.26 0.8240812553831691 -0.3208203543484756 0.4668665599095941 -1447.37 0 0 0 1 
Seq_Frame0027_OpticalPointerToOpticalTrackerTransformStatus = OK
Seq_Frame0027_ReferenceToOpticalTrackerTransform = 0.1858381362028234 0.785414508656367 -0.5904136149554298 -238.04 0.2878977230464452 0.5309845279769301 0.7969757412329369 -62.06 0.9394568048597728 -0.3180872217508816 -0.127441873658042 -1401.96 0 0 0 1 
Seq_Frame0027_ReferenceToOpticalTrackerTransformStatus = OK
Seq_Frame0027_Timestamp = 10360.963
Seq_Frame0027_ImageStatus = INVALID
Seq_Frame0028_EmPointerToEmTrackerTransform = -0.02948290871195514 -0.01915314044733437 -0.9993817665461418 98.87947847021377 0.0669532708605952 -0.9976088131308232 0.0171439635084161 8.912876907713782 -0.9973204187295827 -0.06640642419762423 0.03069477496797934 -121.0962787745353 0 0 0 1 
Seq_Frame0028_EmPointerToEmTrackerTransformStatus = OK
Seq_Frame0028_OpticalPointerToOpticalTrackerTransform = 0.4525481614950353 -0.1062922718980015 -0.8853824678986053 0.97 0.3317857144571952 0.9416589989937729 0.0565382109389217 -11.13 0.8277187935582906 -0.3193435180942409 0.4614123061228442 -1448.01 0 0 0 1 
Seq_Frame0028_OpticalPointerToOpticalTrackerTransformStatus = OK
Seq_Frame0028_ReferenceToOpticalTrackerTransform = 0.186147652338629 0.7852830096766658 -0.5904910213051294 -238.03 0.2882149875362521 0.5309129507196195 0.7969087524413726 -62.07 0.9392982340493861 -0.3185310557407937 -0.1275021334737593 -1401.96 0 0 0 1 
Seq_Frame0028_ReferenceToOpticalTrackerTransformStatus = OK
Seq_Frame0028_Timestamp = 10361.06042857143
Seq_Frame0028_ImageStatus = INVALID
Seq_Frame0029_EmPointerToEmTrackerTransform = -0.02816019134498116 -0.02015943022486691 -0.9994001205705464 97.84679352126523 0.06910119257838693 -0.9974441191110571 0.01817290386845355 7.768570865015233 -0.9972121282894922 -0.06854798774417885 0.02948125792033263 -120.1710122712652 0 0 0 1 
Seq_Frame0029_EmPointerToEmTrackerTransformStatus = OK
Seq_Frame0029_OpticalPointerToOpticalTrackerTransform = 0.4479465320196794 -0.1092441792762685 -0.8873610391186876 -0.35 0.3319489582868846 0.9418842348225117 0.05161373155531104 -12.32 0.8301528735984683 -0.317678764614612 0.4581772680624164 -1447.75 0 0 0 1 
Seq_Frame0029_OpticalPointerToOpticalTrackerTransformStatus = OK
Seq_Frame0029_ReferenceToOpticalTrackerTransform = 0.1865939663582465 0.7852725562403785 -0.5903640437343714 -238.05 0.2878189161301106 0.5308570583461365 0.7970891136640714 -62.06 0.9393311254485214 -0.3186499584493743 -0.1269615719177504 -1401.99 0 0 0 1 
Seq_Frame0029_ReferenceToOpticalTrackerTransformStatus = OK
Seq_Frame0029_Timestamp = 10361.109
Seq_Frame0029_ImageStatus = INVALID
Seq_Frame0030_EmPointerToEmTrackerTransform = -0.02449389741668839 -0.02250010500485624 -0.9994467440860023 97.21974737201497 0.06692917488094931 -0.9975405460770204 0.02081692777802148 6.254119176352528 -0.9974570339313348 -0.06638225822560198 0.02593956926730756 -118.990311221735 0 0 0 1 
Seq_Frame0030_EmPointerToEmTrackerTransformStatus = OK
Seq_Frame0030_OpticalPointerToOpticalTrackerTransform = 0.4447573926704906 -0.1058623543320131 -0.8893728259848232 -0.84 0.3294189162692333 0.9427218501242646 0.05252324154398454 -13.46 0.8328709619556628 -0.3163363324589308 0.4541555741125303 -1446.52 0 0 0 1 
Seq_Frame0030_OpticalPointerToOpticalTrackerTransformStatus = OK
Seq_Frame0030_ReferenceToOpticalTrackerTransform = 0.1865849721650495 0.7852387299258981 -0.5904118775791444 -238.03 0.2884147993033356 0.5307045776712752 0.7969752535565772 -62.06 0.9391501220278814 -0.3189871286793815 -0.1274529718441247 -1401.95 0 0 0 1 
Seq_Frame0030_ReferenceToOpticalTrackerTransformStatus = OK
Seq_Frame0030_Timestamp = 10361.20642857143
Seq_Frame0030_ImageStatus = INVALID
Seq_Frame0031_EmPointerToEmTrackerTransform = -0.02322549255951079 -0.02266276678537215 -0.999473349067898 97.77446221713706 0.0681205459087665 -0.9974553425066238 0.02103404217181291 5.804296875 -0.997406721313056 -0.06759614416981047 0.02471019168105459 -118.6941736260753 0 0 0 1 
Seq_Frame0031_EmPointerToEmTrackerTransformStatus = OK
Seq_Frame0031_OpticalPointerToOpticalTrackerTransform = 0.4462458581265723 -0.1062353658139012 -0.8885823997555127 -0.78 0.32925773188041 0.942771694596499 0.05263912864603367 -13.11 0.8321381977182919 -0.3160626186660362 0.4556867794660282 -1445.57 0 0 0 1 
Seq_Frame0031_OpticalPointerToOpticalTrackerTransformStatus = OK
Seq_Frame0031_ReferenceToOpticalTrackerTransform = 0.1859658811889403 0.7854050176633142 -0.5903860171641178 -238.04 0.2875350766001742 0.5310617245641218 0.7970552204380276 -62.06 0.9395425859204853 -0.3179817650939592 -0.127072130341697 -1401.99 0 0 0 1 
Seq_Frame0031_ReferenceToOpticalTrackerTransformStatus = OK
Seq_Frame0031_Timestamp = 10361.25528571428
Seq_Frame0031_ImageStatus = INVALID
Seq_Frame0032_EmPointerToEmTrackerTransform = -0.02230992127698783 -0.02260788161544712 -0.9994954482645114 98.84248222817607 0.07063417334602946 -0.9972816072481721 0.02098116775171619 5.692675781249999 -0.9972527668391488 -0.07013044655044286 0.0238461631777066 -118.289452245287 0 0 0 1 
Seq_Frame0032_EmPointerToEmTrackerTransformStatus = OK
Seq_Frame0032_OpticalPointerToOpticalTrackerTransform = 0.444492300000953 -0.1116843276672854 -0.8887931177689041 -0.67 0.3307734461048272 0.9425398683041086 0.04698429534653267 -12.33 0.8324755387348025 -0.3148733199411783 0.4558939238434973 -1444.39 0 0 0 1 
Seq_Frame0032_OpticalPointerToOpticalTrackerTransformStatus = OK
Seq_Frame0032_ReferenceToOpticalTrackerTransform = 0.1857354808227139 0.7854740677215338 -0.5903666827494102 -238.02 0.2879734949025867 0.5309253911348613 0.7969877635709878 -62.07 0.9394538825281129 -0.318038862382071 -0.1275840296337002 -1401.93 0 0 0 1 
Seq_Frame0032_ReferenceToOpticalTrackerTransformStatus = OK
Seq_Frame0032_Timestamp = 10361.30385714286
Seq_Frame0032_ImageStatus = INVALID
Seq_Frame0033_EmPointerToEmTrackerTransform = -0.02264852763194969 -0.02106173946621679 -0.9995216092345187 101.7467705328202 0.07134507482055473 -0.9972630629721998 0.0193975135044588 6.58730196312807 -0.9971945269078416 -0.07087161887500114 0.02408919141611687 -118.261720112186 0 0 0 1 
Seq_Frame0033_EmPointerToEmTrackerTransformStatus = OK
Seq_Frame0033_OpticalPointerToOpticalTrackerTransform = 0.4436791231406488 -0.1108596973977306 -0.8893025149981466 0.46 0.3317328796946331 0.9421485455340175 0.04805636979258181 -10.21 0.8325275564320086 -0.3163324922309103 0.4547874472105953 -1442.59 0 0 0 1 
Seq_Frame0033_OpticalPointerToOpticalTrackerTransformStatus = OK
Seq_Frame0033_ReferenceToOpticalTrackerTransform = 0.186331245610613 0.7853090547040482 -0.5903984718044515 -238.04 0.2876391410499091 0.5309889937159286 0.7970661284288877 -62.07 0.9394383382879729 -0.3183400338511949 -0.1269457813491735 -1401.99 0 0 0 1 
Seq_Frame0033_ReferenceToOpticalTrackerTransformStatus = OK
Seq_Frame0033_Timestamp = 10361.40557142857
Seq_Frame0033_ImageStatus = INVALID
Seq_Frame0034_EmPointerToEmTrackerTransform = -0.02264832730958299 -0.01980655904707966 -0.9995472742641004 103.2782354705618 0.07271019594468732 -0.9971886339055612 0.01811231115142288 6.814631469112355 -0.9970959235077452 -0.07226706461643041 0.02402479335939212 -118.318359375 0 0 0 1 
Seq_Frame0034_EmPointerToEmTrackerTransformStatus = OK
Seq_Frame0034_OpticalPointerToOpticalTrackerTransform = 0.4473608256178731 -0.1115394979362774 -0.8873709664523729 1.21 0.3336156121643687 0.9413897131939727 0.04986011645356998 -9.35 0.829800527248982 -0.3183462710519682 0.4583521972071459 -1441.67 0 0 0 1 
Seq_Frame0034_OpticalPointerToOpticalTrackerTransformStatus = OK
Seq_Frame0034_ReferenceToOpticalTrackerTransform = 0.1864500284896444 0.785265769783011 -0.5904185444947558 -238.02 0.2878724724847881 0.530913966974535 0.7970318684073162 -62.08 0.9393432953195045 -0.3185718607762739 -0.1270674744371536 -1401.96 0 0 0 1 
Seq_Frame0034_ReferenceToOpticalTrackerTransformStatus = OK
Seq_Frame0034_Timestamp = 10361.45871428571
Seq_Frame0034_ImageStatus = INVALID
Seq_Frame0035_EmPointerToEmTrackerTransform = -0.02115785911126988 -0.01950995427297035 -0.9995857675467846 104.6928756304961 0.07150793972032071 -0.9972784786599858 0.0179513386291729 6.855077217650788 -0.9972156033450252 -0.07109850691745125 0.02249539418028734 -118.2529287801508 0 0 0 1 
Seq_Frame0035_EmPointerToEmTrackerTransformStatus = OK
Seq_Frame0035_OpticalPointerToOpticalTrackerTransform = 0.4420876293490187 -0.1108767137332948 -0.8900926257015445 1.56 0.3334608264115733 0.9415239015218182 0.04833859857344167 -8.970000000000001 0.8326838567100214 -0.3181809189986709 0.4532091101905234 -1440.24 0 0 0 1 
Seq_Frame0035_OpticalPointerToOpticalTrackerTransformStatus = OK
Seq_Frame0035_ReferenceToOpticalTrackerTransform = 0.185919039263597 0.7855000985271062 -0.5902742634176146 -238.04 0.2873976179744328 0.5310012524374481 0.7971450803288468 -62.07 0.9395939122950526 -0.3178478647462774 -0.1270276145344354 -1401.98 0 0 0 1 
Seq_Frame0035_ReferenceToOpticalTrackerTransformStatus = OK
Seq_Frame0035_Timestamp = 10361.51175714286
Seq_Frame0035_ImageStatus = INVALID
Seq_Frame0036_EmPointerToEmTrackerTransform = -0.02095222714420852 -0.01961162659889159 -0.9995881093129525 106.2339136165671 0.07331886815485851 -0.9971456138434263 0.01802687896744618 6.460314527447151 -0.9970884352705068 -0.07291096553305358 0.02233032366200505 -118.2204471913028 0 0 0 1 
Seq_Frame0036_EmPointerToEmTrackerTransformStatus = OK
Seq_Frame0036_OpticalPointerToOpticalTrackerTransform = 0.4470733835431902 -0.1132021743812907 -0.8873052786062933 2.44 0.3336590761094965 0.9414708215032243 0.04800326226207608 -8.640000000000001 0.8299379559081518 -0.3175184403674726 0.4586774785942808 -1439.04 0 0 0 1 
Seq_Frame0036_OpticalPointerToOpticalTrackerTransformStatus = OK
Seq_Frame0036_ReferenceToOpticalTrackerTransform = 0.1861314963726616 0.7852666802961084 -0.590517829430072 -238.01 0.2879058976407597 0.5310471612020209 0.7969310551628313 -62.08 0.9393962210706102 -0.3183475355582398 -0.1272383057190443 -1401.94 0 0 0 1 
Seq_Frame0036_ReferenceToOpticalTrackerTransformStatus = OK
Seq_Frame0036_Timestamp = 10361.5647
Seq_Frame0036_ImageStatus = INVALID
