ObjectType = Image
NDims = 3
AnatomicalOrientation = RAI
BinaryData = True
BinaryDataByteOrderMSB = False
CenterOfRotation = 0 0 0
CompressedData = False
DimSize = 820 616 106                              
ElementSpacing = 1 1 1
ElementType = MET_UCHAR
Offset = 0 0 0
TransformMatrix = 1 0 0 0 1 0 0 0 1
UltrasoundImageOrientation = MF
Seq_Frame0000_ProbeToTrackerTransform = 0.209462 0.467599 0.858765 306.512 -0.0852595 0.883636 -0.460346 -96.2174 -0.974093 0.0232073 0.224956 -7.59023 0 0 0 1 
Seq_Frame0000_ProbeToTrackerTransformStatus = OK
Seq_Frame0000_ReferenceToTrackerTransform = 0.566662 0.785409 0.249052 256.952 0.82023 -0.56641 -0.0800217 7.03213 0.0782159 0.249625 -0.965178 -14.6224 0 0 0 1 
Seq_Frame0000_ReferenceToTrackerTransformStatus = OK
Seq_Frame0000_StylusToTrackerTransform = 0.443643 0.576855 0.685871 19.4221 -0.868054 0.0862853 0.488914 101.24 0.222852 -0.812277 0.539021 -119.1 0 0 0 1 
Seq_Frame0000_StylusToTrackerTransformStatus = OK
Seq_Frame0000_Timestamp = 1212.346571
Seq_Frame0000_ImageStatus = OK
Seq_Frame0001_ProbeToTrackerTransform = 0.209361 0.467553 0.858814 306.623 -0.0852631 0.883662 -0.460295 -96.4069 -0.974114 0.0231429 0.22487 -7.59023 0 0 0 1 
Seq_Frame0001_ProbeToTrackerTransformStatus = OK
Seq_Frame0001_ReferenceToTrackerTransform = 0.566681 0.785407 0.249017 256.952 0.820212 -0.566445 -0.0799504 6.95427 0.0782606 0.249553 -0.965194 -14.6224 0 0 0 1 
Seq_Frame0001_ReferenceToTrackerTransformStatus = OK
Seq_Frame0001_StylusToTrackerTransform = 0.443672 0.576922 0.685796 19.4221 -0.868004 0.0862264 0.489013 101.085 0.222988 -0.812235 0.539027 -119.1 0 0 0 1 
Seq_Frame0001_StylusToTrackerTransformStatus = OK
Seq_Frame0001_Timestamp = 1212.427500
Seq_Frame0001_ImageStatus = OK
Seq_Frame0002_ProbeToTrackerTransform = 0.208591 0.468992 0.858217 306.623 -0.0838632 0.882865 -0.462078 -96.6639 -0.974401 0.0244123 0.223488 -7.70186 0 0 0 1 
Seq_Frame0002_ProbeToTrackerTransformStatus = OK
Seq_Frame0002_ReferenceToTrackerTransform = 0.566828 0.78534 0.24889 256.952 0.820101 -0.566628 -0.0797947 6.80889 0.0783621 0.249345 -0.965239 -14.6416 0 0 0 1 
Seq_Frame0002_ReferenceToTrackerTransformStatus = OK
Seq_Frame0002_StylusToTrackerTransform = 0.443492 0.577041 0.685813 19.5337 -0.868075 0.0860996 0.48891 100.925 0.223073 -0.812164 0.539099 -119.1 0 0 0 1 
Seq_Frame0002_StylusToTrackerTransformStatus = OK
Seq_Frame0002_Timestamp = 1212.583229
Seq_Frame0002_ImageStatus = OK
Seq_Frame0003_ProbeToTrackerTransform = 0.207265 0.469013 0.858527 306.623 -0.0828724 0.882847 -0.462292 -96.6639 -0.974768 0.024669 0.221852 -7.81348 0 0 0 1 
Seq_Frame0003_ProbeToTrackerTransformStatus = OK
Seq_Frame0003_ReferenceToTrackerTransform = 0.566758 0.785375 0.248938 256.952 0.82015 -0.566554 -0.0798143 6.92051 0.078353 0.249402 -0.965225 -14.734 0 0 0 1 
Seq_Frame0003_ReferenceToTrackerTransformStatus = OK
Seq_Frame0003_StylusToTrackerTransform = 0.443388 0.577102 0.685828 19.4221 -0.868198 0.0863241 0.488651 101.24 0.222798 -0.812097 0.539314 -119.1 0 0 0 1 
Seq_Frame0003_StylusToTrackerTransformStatus = OK
Seq_Frame0003_Timestamp = 1212.659843
Seq_Frame0003_ImageStatus = OK
Seq_Frame0004_ProbeToTrackerTransform = 0.206425 0.469455 0.858488 306.512 -0.0812216 0.882578 -0.463098 -96.7755 -0.975086 0.0258673 0.220316 -7.81348 0 0 0 1 
Seq_Frame0004_ProbeToTrackerTransformStatus = OK
Seq_Frame0004_ReferenceToTrackerTransform = 0.56675 0.785364 0.248996 256.952 0.820153 -0.566551 -0.0798131 6.92051 0.0783864 0.249448 -0.96521 -14.734 0 0 0 1 
Seq_Frame0004_ReferenceToTrackerTransformStatus = OK
Seq_Frame0004_StylusToTrackerTransform = 0.44313 0.577248 0.685872 19.4221 -0.868396 0.0864778 0.488273 101.24 0.222542 -0.811977 0.539601 -119.1 0 0 0 1 
Seq_Frame0004_StylusToTrackerTransformStatus = OK
Seq_Frame0004_Timestamp = 1212.735771
Seq_Frame0004_ImageStatus = OK
Seq_Frame0005_ProbeToTrackerTransform = 0.206563 0.471231 0.85748 306.512 -0.0751788 0.881434 -0.466285 -97.2656 -0.975541 0.031853 0.217499 -8.08038 0 0 0 1 
Seq_Frame0005_ProbeToTrackerTransformStatus = OK
Seq_Frame0005_ReferenceToTrackerTransform = 0.566838 0.785283 0.249048 256.952 0.820071 -0.566694 -0.0796302 6.76522 0.0786019 0.249375 -0.965212 -14.6224 0 0 0 1 
Seq_Frame0005_ReferenceToTrackerTransformStatus = OK
Seq_Frame0005_StylusToTrackerTransform = 0.44309 0.577096 0.686026 19.4221 -0.868412 0.0863246 0.488271 100.973 0.222558 -0.812101 0.539406 -118.988 0 0 0 1 
Seq_Frame0005_StylusToTrackerTransformStatus = OK
Seq_Frame0005_Timestamp = 1212.883157
Seq_Frame0005_ImageStatus = OK
Seq_Frame0006_ProbeToTrackerTransform = 0.20715 0.472005 0.856913 306.512 -0.0740352 0.880964 -0.467356 -97.4452 -0.975504 0.0333708 0.217436 -8.14834 0 0 0 1 
Seq_Frame0006_ProbeToTrackerTransformStatus = OK
Seq_Frame0006_ReferenceToTrackerTransform = 0.56691 0.785273 0.248917 256.952 0.82002 -0.566779 -0.0795519 6.69727 0.0786109 0.249216 -0.965252 -14.734 0 0 0 1 
Seq_Frame0006_ReferenceToTrackerTransformStatus = OK
Seq_Frame0006_StylusToTrackerTransform = 0.443152 0.57709 0.685991 19.4221 -0.868406 0.0864581 0.488259 100.905 0.22246 -0.812091 0.539462 -119.09 0 0 0 1 
Seq_Frame0006_StylusToTrackerTransformStatus = OK
Seq_Frame0006_Timestamp = 1212.954629
Seq_Frame0006_ImageStatus = OK
Seq_Frame0007_ProbeToTrackerTransform = 0.209305 0.47788 0.853125 306.575 -0.0740308 0.877689 -0.473478 -97.3336 -0.975044 0.0359439 0.219083 -8.72128 0 0 0 1 
Seq_Frame0007_ProbeToTrackerTransformStatus = OK
Seq_Frame0007_ReferenceToTrackerTransform = 0.566809 0.785413 0.248703 257.015 0.82009 -0.566705 -0.0793609 6.80889 0.0786102 0.248941 -0.965323 -14.7972 0 0 0 1 
Seq_Frame0007_ReferenceToTrackerTransformStatus = OK
Seq_Frame0007_StylusToTrackerTransform = 0.443604 0.576855 0.685896 19.5337 -0.868218 0.0867835 0.488535 101.08 0.222289 -0.812223 0.539334 -119.163 0 0 0 1 
Seq_Frame0007_StylusToTrackerTransformStatus = OK
Seq_Frame0007_Timestamp = 1213.025271
Seq_Frame0007_ImageStatus = OK
Seq_Frame0008_ProbeToTrackerTransform = 0.211567 0.482608 0.849899 306.512 -0.0738045 0.874989 -0.478483 -97.7448 -0.974573 0.038505 0.220738 -8.66828 0 0 0 1 
Seq_Frame0008_ProbeToTrackerTransformStatus = OK
Seq_Frame0008_ReferenceToTrackerTransform = 0.566828 0.78541 0.248673 257.063 0.820065 -0.566764 -0.079197 6.69727 0.0787365 0.248819 -0.965344 -14.734 0 0 0 1 
Seq_Frame0008_ReferenceToTrackerTransformStatus = OK
Seq_Frame0008_StylusToTrackerTransform = 0.443763 0.576619 0.685992 19.4221 -0.868157 0.0868047 0.48864 100.979 0.222212 -0.812389 0.539116 -119.062 0 0 0 1 
Seq_Frame0008_StylusToTrackerTransformStatus = OK
Seq_Frame0008_Timestamp = 1213.160757
Seq_Frame0008_ImageStatus = OK
Seq_Frame0009_ProbeToTrackerTransform = 0.213524 0.487524 0.846598 306.575 -0.071 0.872035 -0.484266 -98.4327 -0.974354 0.0432941 0.220815 -8.65782 0 0 0 1 
Seq_Frame0009_ProbeToTrackerTransformStatus = OK
Seq_Frame0009_ReferenceToTrackerTransform = 0.566915 0.785402 0.248499 257.063 0.819991 -0.566907 -0.0789364 6.58564 0.0788788 0.248517 -0.96541 -14.7655 0 0 0 1 
Seq_Frame0009_ReferenceToTrackerTransformStatus = OK
Seq_Frame0009_StylusToTrackerTransform = 0.443882 0.576481 0.68603 19.4536 -0.868099 0.0868058 0.488742 100.794 0.222199 -0.812486 0.538975 -119.02 0 0 0 1 
Seq_Frame0009_StylusToTrackerTransformStatus = OK
Seq_Frame0009_Timestamp = 1213.225529
Seq_Frame0009_ImageStatus = OK
Seq_Frame0010_ProbeToTrackerTransform = 0.205473 0.490711 0.846749 307.066 -0.0697775 0.870354 -0.487458 -98.673 -0.976172 0.0410755 0.213075 -8.70964 0 0 0 1 
Seq_Frame0010_ProbeToTrackerTransformStatus = OK
Seq_Frame0010_ReferenceToTrackerTransform = 0.566852 0.785514 0.248285 257.175 0.820045 -0.566837 -0.0788825 6.58564 0.0787739 0.24832 -0.96547 -14.9572 0 0 0 1 
Seq_Frame0010_ReferenceToTrackerTransformStatus = OK
Seq_Frame0010_StylusToTrackerTransform = 0.443383 0.576902 0.686 19.5337 -0.868345 0.0867056 0.488322 101.014 0.222234 -0.812199 0.539394 -119.211 0 0 0 1 
Seq_Frame0010_StylusToTrackerTransformStatus = OK
Seq_Frame0010_Timestamp = 1213.367343
Seq_Frame0010_ImageStatus = OK
Seq_Frame0011_ProbeToTrackerTransform = 0.200981 0.490955 0.847685 307.293 -0.0736828 0.870467 -0.48668 -98.5614 -0.97682 0.0353538 0.211122 -8.44044 0 0 0 1 
Seq_Frame0011_ProbeToTrackerTransformStatus = OK
Seq_Frame0011_ReferenceToTrackerTransform = 0.566829 0.785542 0.24825 257.175 0.820071 -0.566785 -0.078982 6.69727 0.0786608 0.248352 -0.965471 -14.8456 0 0 0 1 
Seq_Frame0011_ReferenceToTrackerTransformStatus = OK
Seq_Frame0011_StylusToTrackerTransform = 0.443327 0.576934 0.686009 19.5337 -0.868347 0.0865901 0.488339 101.017 0.222338 -0.812188 0.539367 -119.1 0 0 0 1 
Seq_Frame0011_StylusToTrackerTransformStatus = OK
Seq_Frame0011_Timestamp = 1213.439429
Seq_Frame0011_ImageStatus = OK
Seq_Frame0012_ProbeToTrackerTransform = 0.201228 0.494011 0.845849 307.404 -0.0762123 0.868791 -0.48928 -98.5614 -0.976575 0.0339926 0.212475 -8.27951 0 0 0 1 
Seq_Frame0012_ProbeToTrackerTransformStatus = OK
Seq_Frame0012_ReferenceToTrackerTransform = 0.566751 0.785616 0.248195 257.175 0.820135 -0.566686 -0.0790312 6.69727 0.0785606 0.248345 -0.965481 -14.8456 0 0 0 1 
Seq_Frame0012_ReferenceToTrackerTransformStatus = OK
Seq_Frame0012_StylusToTrackerTransform = 0.443327 0.576923 0.686018 19.6453 -0.868368 0.0866568 0.488291 101.017 0.222258 -0.812189 0.539398 -119.008 0 0 0 1 
Seq_Frame0012_StylusToTrackerTransformStatus = OK
Seq_Frame0012_Timestamp = 1213.510529
Seq_Frame0012_ImageStatus = OK
Seq_Frame0013_ProbeToTrackerTransform = 0.202241 0.502833 0.840391 307.628 -0.0797933 0.863731 -0.497595 -98.4857 -0.97608 0.0335767 0.214805 -8.59482 0 0 0 1 
Seq_Frame0013_ProbeToTrackerTransformStatus = OK
Seq_Frame0013_ReferenceToTrackerTransform = 0.566754 0.785624 0.248162 257.175 0.820139 -0.566673 -0.0790795 6.69727 0.0784999 0.248346 -0.965485 -14.8456 0 0 0 1 
Seq_Frame0013_ReferenceToTrackerTransformStatus = OK
Seq_Frame0013_StylusToTrackerTransform = 0.443511 0.576758 0.686038 19.6453 -0.868205 0.0864219 0.488622 101.017 0.222528 -0.812331 0.539073 -119.175 0 0 0 1 
Seq_Frame0013_StylusToTrackerTransformStatus = OK
Seq_Frame0013_Timestamp = 1213.655171
Seq_Frame0013_ImageStatus = OK
Seq_Frame0014_ProbeToTrackerTransform = 0.206022 0.506186 0.837455 307.628 -0.0815699 0.861719 -0.500785 -98.5471 -0.975142 0.0348616 0.218823 -8.4975 0 0 0 1 
Seq_Frame0014_ProbeToTrackerTransformStatus = OK
Seq_Frame0014_ReferenceToTrackerTransform = 0.566757 0.785633 0.248129 257.175 0.820143 -0.566661 -0.0791278 6.69727 0.0784393 0.248347 -0.96549 -14.9572 0 0 0 1 
Seq_Frame0014_ReferenceToTrackerTransformStatus = OK
Seq_Frame0014_StylusToTrackerTransform = 0.443717 0.576618 0.686022 19.6453 -0.868117 0.0865389 0.488757 101.017 0.222459 -0.812418 0.538971 -119.211 0 0 0 1 
Seq_Frame0014_StylusToTrackerTransformStatus = OK
Seq_Frame0014_Timestamp = 1213.731171
Seq_Frame0014_ImageStatus = OK
Seq_Frame0015_ProbeToTrackerTransform = 0.208311 0.508854 0.835269 307.516 -0.0833409 0.860133 -0.503216 -98.7847 -0.974506 0.0352132 0.221583 -8.37158 0 0 0 1 
Seq_Frame0015_ProbeToTrackerTransformStatus = OK
Seq_Frame0015_ReferenceToTrackerTransform = 0.566754 0.785624 0.248162 257.175 0.820139 -0.566673 -0.0790795 6.69727 0.0784999 0.248346 -0.965485 -14.8456 0 0 0 1 
Seq_Frame0015_ReferenceToTrackerTransformStatus = OK
Seq_Frame0015_StylusToTrackerTransform = 0.443574 0.576704 0.686042 19.6453 -0.868215 0.0865851 0.488576 100.933 0.222363 -0.812352 0.53911 -119.1 0 0 0 1 
Seq_Frame0015_StylusToTrackerTransformStatus = OK
Seq_Frame0015_Timestamp = 1213.808929
Seq_Frame0015_ImageStatus = OK
Seq_Frame0016_ProbeToTrackerTransform = 0.212385 0.511902 0.832375 307.739 -0.0851228 0.858262 -0.506103 -99.0079 -0.973471 0.0366347 0.225857 -8.14834 0 0 0 1 
Seq_Frame0016_ProbeToTrackerTransformStatus = OK
Seq_Frame0016_ReferenceToTrackerTransform = 0.56675 0.785613 0.248208 257.175 0.820142 -0.566665 -0.0791129 6.69727 0.0784987 0.248403 -0.965471 -14.8456 0 0 0 1 
Seq_Frame0016_ReferenceToTrackerTransformStatus = OK
Seq_Frame0016_StylusToTrackerTransform = 0.443276 0.577114 0.68589 19.5337 -0.868314 0.0864647 0.488421 100.905 0.222569 -0.812073 0.539444 -119.071 0 0 0 1 
Seq_Frame0016_StylusToTrackerTransformStatus = OK
Seq_Frame0016_Timestamp = 1213.962257
Seq_Frame0016_ImageStatus = OK
Seq_Frame0017_ProbeToTrackerTransform = 0.212561 0.512053 0.832238 307.968 -0.0845919 0.858146 -0.506388 -99.0079 -0.973479 0.0372379 0.225724 -8.26566 0 0 0 1 
Seq_Frame0017_ProbeToTrackerTransformStatus = OK
Seq_Frame0017_ReferenceToTrackerTransform = 0.566754 0.785624 0.248162 257.175 0.820139 -0.566673 -0.0790795 6.69727 0.0784999 0.248346 -0.965485 -14.8456 0 0 0 1 
Seq_Frame0017_ReferenceToTrackerTransformStatus = OK
Seq_Frame0017_StylusToTrackerTransform = 0.443319 0.577062 0.685906 19.6453 -0.868353 0.0866813 0.488313 101.017 0.222331 -0.812087 0.539521 -119.1 0 0 0 1 
Seq_Frame0017_StylusToTrackerTransformStatus = OK
Seq_Frame0017_Timestamp = 1214.038714
Seq_Frame0017_ImageStatus = OK
Seq_Frame0018_ProbeToTrackerTransform = 0.21291 0.512311 0.83199 308.255 -0.0844648 0.857976 -0.506698 -99.0079 -0.973414 0.0376072 0.225944 -8.37158 0 0 0 1 
Seq_Frame0018_ProbeToTrackerTransformStatus = OK
Seq_Frame0018_ReferenceToTrackerTransform = 0.566717 0.78566 0.248132 257.175 0.820171 -0.566619 -0.0791306 6.69727 0.0784268 0.248356 -0.965489 -14.8456 0 0 0 1 
Seq_Frame0018_ReferenceToTrackerTransformStatus = OK
Seq_Frame0018_StylusToTrackerTransform = 0.443508 0.576939 0.685888 19.6453 -0.868285 0.0868355 0.488406 101.017 0.222221 -0.812158 0.539459 -119.211 0 0 0 1 
Seq_Frame0018_StylusToTrackerTransformStatus = OK
Seq_Frame0018_Timestamp = 1214.115057
Seq_Frame0018_ImageStatus = OK
Seq_Frame0019_ProbeToTrackerTransform = 0.213856 0.514156 0.830608 308.521 -0.0835381 0.85679 -0.508854 -99.4544 -0.973287 0.0394341 0.226181 -8.25996 0 0 0 1 
Seq_Frame0019_ProbeToTrackerTransformStatus = OK
Seq_Frame0019_ReferenceToTrackerTransform = 0.566769 0.785624 0.248127 257.287 0.820139 -0.566658 -0.0791885 6.69727 0.0783909 0.24838 -0.965485 -14.8456 0 0 0 1 
Seq_Frame0019_ReferenceToTrackerTransformStatus = OK
Seq_Frame0019_StylusToTrackerTransform = 0.443602 0.576976 0.685796 19.6453 -0.868149 0.0866082 0.488689 100.905 0.222566 -0.812156 0.53932 -119.1 0 0 0 1 
Seq_Frame0019_StylusToTrackerTransformStatus = OK
Seq_Frame0019_Timestamp = 1214.267271
Seq_Frame0019_ImageStatus = OK
Seq_Frame0020_ProbeToTrackerTransform = 0.214354 0.515082 0.829905 308.814 -0.0814265 0.85612 -0.510321 -99.566 -0.973356 0.0418133 0.225454 -8.32952 0 0 0 1 
Seq_Frame0020_ProbeToTrackerTransformStatus = OK
Seq_Frame0020_ReferenceToTrackerTransform = 0.566758 0.785621 0.248161 257.175 0.820137 -0.566672 -0.0791023 6.69727 0.0784817 0.248358 -0.965484 -14.8456 0 0 0 1 
Seq_Frame0020_ReferenceToTrackerTransformStatus = OK
Seq_Frame0020_StylusToTrackerTransform = 0.443703 0.576879 0.685812 19.6453 -0.868134 0.0867473 0.488691 100.975 0.222423 -0.81221 0.539298 -119.1 0 0 0 1 
Seq_Frame0020_StylusToTrackerTransformStatus = OK
Seq_Frame0020_Timestamp = 1214.344457
Seq_Frame0020_ImageStatus = OK
Seq_Frame0021_ProbeToTrackerTransform = 0.215023 0.51596 0.829186 309.079 -0.0797144 0.855486 -0.511654 -99.7893 -0.97335 0.043919 0.225078 -8.37158 0 0 0 1 
Seq_Frame0021_ProbeToTrackerTransformStatus = OK
Seq_Frame0021_ReferenceToTrackerTransform = 0.566754 0.785624 0.248162 257.219 0.820139 -0.566673 -0.0790795 6.69727 0.0784999 0.248346 -0.965485 -14.8456 0 0 0 1 
Seq_Frame0021_ReferenceToTrackerTransformStatus = OK
Seq_Frame0021_StylusToTrackerTransform = 0.443763 0.576706 0.685918 19.6453 -0.868149 0.0868398 0.488647 101.017 0.222241 -0.812323 0.539204 -119.1 0 0 0 1 
Seq_Frame0021_StylusToTrackerTransformStatus = OK
Seq_Frame0021_Timestamp = 1214.420229
Seq_Frame0021_ImageStatus = OK
Seq_Frame0022_ProbeToTrackerTransform = 0.216177 0.518921 0.827036 309.637 -0.0773848 0.853507 -0.515303 -100.571 -0.973283 0.0473965 0.224665 -8.03672 0 0 0 1 
Seq_Frame0022_ProbeToTrackerTransformStatus = OK
Seq_Frame0022_ReferenceToTrackerTransform = 0.566754 0.785657 0.24806 257.287 0.820137 -0.566688 -0.0789866 6.58564 0.078516 0.248209 -0.965519 -14.8456 0 0 0 1 
Seq_Frame0022_ReferenceToTrackerTransformStatus = OK
Seq_Frame0022_StylusToTrackerTransform = 0.443609 0.576685 0.686036 19.6453 -0.868264 0.0868426 0.488442 100.905 0.2221 -0.812338 0.539239 -119.1 0 0 0 1 
Seq_Frame0022_StylusToTrackerTransformStatus = OK
Seq_Frame0022_Timestamp = 1214.572400
Seq_Frame0022_ImageStatus = OK
Seq_Frame0023_ProbeToTrackerTransform = 0.216424 0.519669 0.826501 309.761 -0.0775128 0.853039 -0.516058 -100.571 -0.973217 0.0476232 0.2249 -8.14834 0 0 0 1 
Seq_Frame0023_ProbeToTrackerTransformStatus = OK
Seq_Frame0023_ReferenceToTrackerTransform = 0.566754 0.785657 0.24806 257.287 0.820137 -0.566688 -0.0789866 6.59168 0.078516 0.248209 -0.965519 -14.8456 0 0 0 1 
Seq_Frame0023_ReferenceToTrackerTransformStatus = OK
Seq_Frame0023_StylusToTrackerTransform = 0.443692 0.57659 0.686062 19.6453 -0.868218 0.0868219 0.488528 100.905 0.222115 -0.812408 0.539128 -119.1 0 0 0 1 
Seq_Frame0023_StylusToTrackerTransformStatus = OK
Seq_Frame0023_Timestamp = 1214.646771
Seq_Frame0023_ImageStatus = OK
Seq_Frame0024_ProbeToTrackerTransform = 0.216505 0.520586 0.825903 310.178 -0.0777158 0.852473 -0.516962 -100.571 -0.973183 0.0477391 0.225022 -8.14834 0 0 0 1 
Seq_Frame0024_ProbeToTrackerTransformStatus = OK
Seq_Frame0024_ReferenceToTrackerTransform = 0.566731 0.785677 0.248049 257.287 0.820154 -0.566665 -0.0789794 6.69727 0.0785088 0.248199 -0.965523 -14.8456 0 0 0 1 
Seq_Frame0024_ReferenceToTrackerTransformStatus = OK
Seq_Frame0024_StylusToTrackerTransform = 0.443664 0.576571 0.686096 19.6453 -0.868254 0.0868674 0.488456 100.905 0.22203 -0.812416 0.53915 -119.1 0 0 0 1 
Seq_Frame0024_StylusToTrackerTransformStatus = OK
Seq_Frame0024_Timestamp = 1214.721671
Seq_Frame0024_ImageStatus = OK
Seq_Frame0025_ProbeToTrackerTransform = 0.217437 0.522734 0.8243 310.693 -0.0780198 0.851111 -0.519156 -101.069 -0.972951 0.0485718 0.225847 -8.06243 0 0 0 1 
Seq_Frame0025_ProbeToTrackerTransformStatus = OK
Seq_Frame0025_ReferenceToTrackerTransform = 0.566745 0.785699 0.247947 257.287 0.820147 -0.56668 -0.0789478 6.67155 0.0784772 0.248096 -0.965551 -14.8456 0 0 0 1 
Seq_Frame0025_ReferenceToTrackerTransformStatus = OK
Seq_Frame0025_StylusToTrackerTransform = 0.443567 0.576651 0.686092 19.6453 -0.868243 0.0866317 0.488517 100.905 0.222266 -0.812384 0.5391 -119.1 0 0 0 1 
Seq_Frame0025_StylusToTrackerTransformStatus = OK
Seq_Frame0025_Timestamp = 1214.869700
Seq_Frame0025_ImageStatus = OK
Seq_Frame0026_ProbeToTrackerTransform = 0.217288 0.52318 0.824056 311.08 -0.0773804 0.850802 -0.519757 -101.352 -0.973036 0.049171 0.225353 -8.14834 0 0 0 1 
Seq_Frame0026_ProbeToTrackerTransformStatus = OK
Seq_Frame0026_ReferenceToTrackerTransform = 0.566766 0.785681 0.247956 257.287 0.820132 -0.566701 -0.0789544 6.58564 0.0784838 0.248105 -0.965549 -14.8456 0 0 0 1 
Seq_Frame0026_ReferenceToTrackerTransformStatus = OK
Seq_Frame0026_StylusToTrackerTransform = 0.443607 0.576696 0.686028 19.6453 -0.868264 0.0868451 0.488442 100.905 0.222104 -0.81233 0.53925 -119.1 0 0 0 1 
Seq_Frame0026_StylusToTrackerTransformStatus = OK
Seq_Frame0026_Timestamp = 1214.942829
Seq_Frame0026_ImageStatus = OK
Seq_Frame0027_ProbeToTrackerTransform = 0.217359 0.52254 0.824444 311.498 -0.0766671 0.851168 -0.519265 -101.464 -0.973076 0.0496593 0.225071 -8.03672 0 0 0 1 
Seq_Frame0027_ProbeToTrackerTransformStatus = OK
Seq_Frame0027_ReferenceToTrackerTransform = 0.56674 0.785708 0.247929 257.287 0.820151 -0.566675 -0.0789412 6.58564 0.0784706 0.248079 -0.965556 -14.8456 0 0 0 1 
Seq_Frame0027_ReferenceToTrackerTransformStatus = OK
Seq_Frame0027_StylusToTrackerTransform = 0.443544 0.576727 0.686043 19.6453 -0.86833 0.0869451 0.488306 100.905 0.221971 -0.812297 0.539354 -119.1 0 0 0 1 
Seq_Frame0027_StylusToTrackerTransformStatus = OK
Seq_Frame0027_Timestamp = 1215.015471
Seq_Frame0027_ImageStatus = OK
Seq_Frame0028_ProbeToTrackerTransform = 0.217735 0.523173 0.823943 311.845 -0.0760602 0.850725 -0.520079 -101.774 -0.97304 0.0505704 0.225026 -7.94915 0 0 0 1 
Seq_Frame0028_ProbeToTrackerTransformStatus = OK
Seq_Frame0028_ReferenceToTrackerTransform = 0.566744 0.78572 0.247883 257.287 0.820149 -0.566683 -0.0789078 6.69727 0.0784718 0.248021 -0.965571 -14.8456 0 0 0 1 
Seq_Frame0028_ReferenceToTrackerTransformStatus = OK
Seq_Frame0028_StylusToTrackerTransform = 0.443552 0.576609 0.686137 19.6453 -0.868318 0.0868392 0.488346 100.905 0.222001 -0.812392 0.539198 -119.1 0 0 0 1 
Seq_Frame0028_StylusToTrackerTransformStatus = OK
Seq_Frame0028_Timestamp = 1215.161900
Seq_Frame0028_ImageStatus = OK
Seq_Frame0029_ProbeToTrackerTransform = 0.217946 0.522863 0.824084 312.204 -0.0751097 0.850864 -0.51999 -102.022 -0.973066 0.051433 0.224715 -7.77863 0 0 0 1 
Seq_Frame0029_ProbeToTrackerTransformStatus = OK
Seq_Frame0029_ReferenceToTrackerTransform = 0.566744 0.78572 0.247883 257.287 0.820149 -0.566683 -0.0789078 6.58564 0.0784718 0.248021 -0.965571 -14.8456 0 0 0 1 
Seq_Frame0029_ReferenceToTrackerTransformStatus = OK
Seq_Frame0029_StylusToTrackerTransform = 0.443626 0.57662 0.686079 19.6453 -0.868276 0.0868861 0.488413 100.905 0.222018 -0.812379 0.539211 -119.1 0 0 0 1 
Seq_Frame0029_StylusToTrackerTransformStatus = OK
Seq_Frame0029_Timestamp = 1215.235243
Seq_Frame0029_ImageStatus = OK
Seq_Frame0030_ProbeToTrackerTransform = 0.217904 0.523313 0.823809 312.538 -0.0744356 0.850545 -0.520608 -102.579 -0.973128 0.0521219 0.22429 -7.59023 0 0 0 1 
Seq_Frame0030_ProbeToTrackerTransformStatus = OK
Seq_Frame0030_ReferenceToTrackerTransform = 0.566806 0.785657 0.247937 257.287 0.820104 -0.566743 -0.078947 6.58564 0.0784915 0.248082 -0.965554 -14.8456 0 0 0 1 
Seq_Frame0030_ReferenceToTrackerTransformStatus = OK
Seq_Frame0030_StylusToTrackerTransform = 0.443443 0.576808 0.68604 19.6453 -0.868349 0.0868083 0.488297 100.905 0.2221 -0.812254 0.539365 -119.1 0 0 0 1 
Seq_Frame0030_StylusToTrackerTransformStatus = OK
Seq_Frame0030_Timestamp = 1215.311286
Seq_Frame0030_ImageStatus = OK
Seq_Frame0031_ProbeToTrackerTransform = 0.217388 0.52242 0.824512 313.32 -0.0726877 0.851032 -0.520059 -102.803 -0.973375 0.0531224 0.222977 -7.81348 0 0 0 1 
Seq_Frame0031_ProbeToTrackerTransformStatus = OK
Seq_Frame0031_ReferenceToTrackerTransform = 0.566779 0.785713 0.247823 257.398 0.820121 -0.566731 -0.0788456 6.58564 0.0784992 0.247933 -0.965592 -14.8456 0 0 0 1 
Seq_Frame0031_ReferenceToTrackerTransformStatus = OK
Seq_Frame0031_StylusToTrackerTransform = 0.443649 0.576636 0.686051 19.6453 -0.86821 0.0867165 0.48856 100.905 0.22223 -0.812386 0.539113 -119.1 0 0 0 1 
Seq_Frame0031_StylusToTrackerTransformStatus = OK
Seq_Frame0031_Timestamp = 1215.459729
Seq_Frame0031_ImageStatus = OK
Seq_Frame0032_ProbeToTrackerTransform = 0.216934 0.52253 0.824562 313.667 -0.0727488 0.850981 -0.520133 -102.927 -0.973472 0.0528484 0.22262 -7.70186 0 0 0 1 
Seq_Frame0032_ProbeToTrackerTransformStatus = OK
Seq_Frame0032_ReferenceToTrackerTransform = 0.566744 0.785752 0.247781 257.398 0.820147 -0.566698 -0.0788149 6.58564 0.0784879 0.247884 -0.965605 -14.8456 0 0 0 1 
Seq_Frame0032_ReferenceToTrackerTransformStatus = OK
Seq_Frame0032_StylusToTrackerTransform = 0.443772 0.576597 0.686005 19.6453 -0.868155 0.0868064 0.488642 100.905 0.2222 -0.812404 0.539098 -119.1 0 0 0 1 
Seq_Frame0032_StylusToTrackerTransformStatus = OK
Seq_Frame0032_Timestamp = 1215.533571
Seq_Frame0032_ImageStatus = OK
Seq_Frame0033_ProbeToTrackerTransform = 0.216893 0.523401 0.82402 314.482 -0.0727025 0.85043 -0.52104 -103.584 -0.973484 0.0531016 0.222505 -7.59023 0 0 0 1 
Seq_Frame0033_ProbeToTrackerTransformStatus = OK
Seq_Frame0033_ReferenceToTrackerTransform = 0.566744 0.785752 0.247781 257.398 0.820147 -0.566698 -0.0788149 6.58564 0.0784879 0.247884 -0.965605 -14.8456 0 0 0 1 
Seq_Frame0033_ReferenceToTrackerTransformStatus = OK
Seq_Frame0033_StylusToTrackerTransform = 0.443632 0.576696 0.686012 19.6453 -0.868263 0.0869058 0.488433 100.905 0.222059 -0.812323 0.539278 -119.1 0 0 0 1 
Seq_Frame0033_StylusToTrackerTransformStatus = OK
Seq_Frame0033_Timestamp = 1215.681600
Seq_Frame0033_ImageStatus = OK
Seq_Frame0034_ProbeToTrackerTransform = 0.216792 0.523198 0.824175 314.87 -0.0724203 0.850547 -0.520889 -103.696 -0.973528 0.0532378 0.222282 -7.60331 0 0 0 1 
Seq_Frame0034_ProbeToTrackerTransformStatus = OK
Seq_Frame0034_ReferenceToTrackerTransform = 0.566752 0.785764 0.247723 257.398 0.820144 -0.566702 -0.0788161 6.58564 0.0784545 0.247838 -0.96562 -14.8456 0 0 0 1 
Seq_Frame0034_ReferenceToTrackerTransformStatus = OK
Seq_Frame0034_StylusToTrackerTransform = 0.443662 0.576693 0.685995 19.6453 -0.868226 0.0868473 0.488508 100.905 0.222142 -0.812332 0.539231 -119.1 0 0 0 1 
Seq_Frame0034_StylusToTrackerTransformStatus = OK
Seq_Frame0034_Timestamp = 1215.754900
Seq_Frame0034_ImageStatus = OK
Seq_Frame0035_ProbeToTrackerTransform = 0.216961 0.523107 0.824189 315.268 -0.0719201 0.850571 -0.520919 -103.857 -0.973527 0.0537436 0.222163 -7.59023 0 0 0 1 
Seq_Frame0035_ProbeToTrackerTransformStatus = OK
Seq_Frame0035_ReferenceToTrackerTransform = 0.566756 0.785776 0.247677 257.398 0.820142 -0.566711 -0.0787827 6.58564 0.0784557 0.247781 -0.965634 -14.9572 0 0 0 1 
Seq_Frame0035_ReferenceToTrackerTransformStatus = OK
Seq_Frame0035_StylusToTrackerTransform = 0.443756 0.57654 0.686063 19.6453 -0.868217 0.0869495 0.488506 100.905 0.22199 -0.81243 0.539146 -119.1 0 0 0 1 
Seq_Frame0035_StylusToTrackerTransformStatus = OK
Seq_Frame0035_Timestamp = 1215.830414
Seq_Frame0035_ImageStatus = OK
Seq_Frame0036_ProbeToTrackerTransform = 0.217796 0.522842 0.824137 315.722 -0.0708587 0.85065 -0.520936 -104.339 -0.973419 0.0550604 0.222316 -7.59023 0 0 0 1 
Seq_Frame0036_ProbeToTrackerTransformStatus = OK
Seq_Frame0036_ReferenceToTrackerTransform = 0.566744 0.785784 0.247678 257.398 0.820146 -0.566713 -0.0787221 6.58564 0.0785041 0.247747 -0.965639 -14.8727 0 0 0 1 
Seq_Frame0036_ReferenceToTrackerTransformStatus = OK
Seq_Frame0036_StylusToTrackerTransform = 0.443622 0.576549 0.686142 19.6453 -0.868282 0.0868457 0.48841 100.905 0.222004 -0.812434 0.539134 -119.1 0 0 0 1 
Seq_Frame0036_StylusToTrackerTransformStatus = OK
Seq_Frame0036_Timestamp = 1215.917586
Seq_Frame0036_ImageStatus = OK
Seq_Frame0037_ProbeToTrackerTransform = 0.21965 0.522047 0.824149 316.524 -0.0692727 0.850993 -0.520588 -104.924 -0.973116 0.0572565 0.223085 -7.47861 0 0 0 1 
Seq_Frame0037_ProbeToTrackerTransformStatus = OK
Seq_Frame0037_ReferenceToTrackerTransform = 0.566783 0.785757 0.247675 257.398 0.820117 -0.566755 -0.0787193 6.58564 0.0785165 0.247739 -0.96564 -14.8456 0 0 0 1 
Seq_Frame0037_ReferenceToTrackerTransformStatus = OK
Seq_Frame0037_StylusToTrackerTransform = 0.44352 0.57665 0.686123 19.6453 -0.868339 0.0868609 0.488305 100.905 0.221984 -0.812361 0.539253 -119.1 0 0 0 1 
Seq_Frame0037_StylusToTrackerTransformStatus = OK
Seq_Frame0037_Timestamp = 1216.005143
Seq_Frame0037_ImageStatus = OK
Seq_Frame0038_ProbeToTrackerTransform = 0.221501 0.520359 0.82472 317.836 -0.0693052 0.85199 -0.518951 -105.786 -0.972694 0.057791 0.224781 -7.47861 0 0 0 1 
Seq_Frame0038_ProbeToTrackerTransformStatus = OK
Seq_Frame0038_ReferenceToTrackerTransform = 0.566724 0.785852 0.247508 257.398 0.820161 -0.566705 -0.0786168 6.58564 0.0784827 0.24755 -0.965691 -14.9572 0 0 0 1 
Seq_Frame0038_ReferenceToTrackerTransformStatus = OK
Seq_Frame0038_StylusToTrackerTransform = 0.443643 0.576562 0.686118 19.6453 -0.868334 0.0870973 0.488273 100.905 0.22176 -0.812398 0.539288 -119.1 0 0 0 1 
Seq_Frame0038_StylusToTrackerTransformStatus = OK
Seq_Frame0038_Timestamp = 1216.175814
Seq_Frame0038_ImageStatus = OK
Seq_Frame0039_ProbeToTrackerTransform = 0.223696 0.520174 0.824244 318.328 -0.0702416 0.852079 -0.518678 -106.136 -0.972125 0.0581301 0.227145 -7.25537 0 0 0 1 
Seq_Frame0039_ProbeToTrackerTransformStatus = OK
Seq_Frame0039_ReferenceToTrackerTransform = 0.566769 0.78584 0.247442 257.398 0.820129 -0.566756 -0.078581 6.58564 0.0784871 0.247472 -0.965711 -14.9572 0 0 0 1 
Seq_Frame0039_ReferenceToTrackerTransformStatus = OK
Seq_Frame0039_StylusToTrackerTransform = 0.443617 0.576562 0.686135 19.7569 -0.868321 0.0869847 0.488316 100.905 0.221861 -0.81241 0.539228 -119.1 0 0 0 1 
Seq_Frame0039_StylusToTrackerTransformStatus = OK
Seq_Frame0039_Timestamp = 1216.259214
Seq_Frame0039_ImageStatus = OK
Seq_Frame0040_ProbeToTrackerTransform = 0.224469 0.518807 0.824896 318.987 -0.0709995 0.852955 -0.517134 -106.452 -0.971891 0.0575133 0.228297 -6.95485 0 0 0 1 
Seq_Frame0040_ProbeToTrackerTransformStatus = OK
Seq_Frame0040_ReferenceToTrackerTransform = 0.566757 0.785817 0.247546 257.398 0.820135 -0.566744 -0.0786133 6.58564 0.0785194 0.247575 -0.965682 -14.9572 0 0 0 1 
Seq_Frame0040_ReferenceToTrackerTransformStatus = OK
Seq_Frame0040_StylusToTrackerTransform = 0.443613 0.576562 0.686137 19.6453 -0.868322 0.0869761 0.488316 100.905 0.221867 -0.812411 0.539225 -119.1 0 0 0 1 
Seq_Frame0040_StylusToTrackerTransformStatus = OK
Seq_Frame0040_Timestamp = 1216.343129
Seq_Frame0040_ImageStatus = OK
Seq_Frame0041_ProbeToTrackerTransform = 0.224241 0.516459 0.82643 319.748 -0.0704527 0.854398 -0.514821 -106.598 -0.971984 0.0572196 0.227977 -7.06467 0 0 0 1 
Seq_Frame0041_ProbeToTrackerTransformStatus = OK
Seq_Frame0041_ReferenceToTrackerTransform = 0.56672 0.785847 0.247533 257.398 0.820162 -0.566704 -0.0786163 6.58564 0.0784972 0.24757 -0.965685 -14.9572 0 0 0 1 
Seq_Frame0041_ReferenceToTrackerTransformStatus = OK
Seq_Frame0041_StylusToTrackerTransform = 0.443677 0.576508 0.686141 19.6453 -0.868282 0.0869591 0.48839 100.905 0.221895 -0.812451 0.539153 -119.1 0 0 0 1 
Seq_Frame0041_StylusToTrackerTransformStatus = OK
Seq_Frame0041_Timestamp = 1216.424100
Seq_Frame0041_ImageStatus = OK
Seq_Frame0042_ProbeToTrackerTransform = 0.225991 0.513849 0.827579 321.435 -0.0701767 0.855938 -0.512294 -107.517 -0.971598 0.0576968 0.229494 -7.03213 0 0 0 1 
Seq_Frame0042_ProbeToTrackerTransformStatus = OK
Seq_Frame0042_ReferenceToTrackerTransform = 0.566732 0.785874 0.24742 257.398 0.820161 -0.566705 -0.0786208 6.58564 0.0784283 0.247481 -0.965713 -14.9572 0 0 0 1 
Seq_Frame0042_ReferenceToTrackerTransformStatus = OK
Seq_Frame0042_StylusToTrackerTransform = 0.443832 0.576483 0.686062 19.6453 -0.868205 0.0870627 0.488509 100.905 0.221887 -0.812458 0.539146 -119.1 0 0 0 1 
Seq_Frame0042_StylusToTrackerTransformStatus = OK
Seq_Frame0042_Timestamp = 1216.583314
Seq_Frame0042_ImageStatus = OK
Seq_Frame0043_ProbeToTrackerTransform = 0.225431 0.512717 0.828434 322.333 -0.0696811 0.856629 -0.511205 -108.067 -0.971764 0.0575151 0.228837 -7.20851 0 0 0 1 
Seq_Frame0043_ProbeToTrackerTransformStatus = OK
Seq_Frame0043_ReferenceToTrackerTransform = 0.56673 0.785868 0.247446 257.398 0.820158 -0.566715 -0.0785838 6.58564 0.0784748 0.24748 -0.96571 -14.9572 0 0 0 1 
Seq_Frame0043_ReferenceToTrackerTransformStatus = OK
Seq_Frame0043_StylusToTrackerTransform = 0.443777 0.576544 0.686045 19.6453 -0.868239 0.0870877 0.488444 100.905 0.221863 -0.812411 0.539226 -119.1 0 0 0 1 
Seq_Frame0043_StylusToTrackerTransformStatus = OK
Seq_Frame0043_Timestamp = 1216.662014
Seq_Frame0043_ImageStatus = OK
Seq_Frame0044_ProbeToTrackerTransform = 0.225784 0.511815 0.828895 322.922 -0.0693207 0.857151 -0.510379 -108.349 -0.971708 0.0577758 0.22901 -7.25537 0 0 0 1 
Seq_Frame0044_ProbeToTrackerTransformStatus = OK
Seq_Frame0044_ReferenceToTrackerTransform = 0.56673 0.785868 0.247446 257.398 0.820158 -0.566715 -0.0785838 6.58564 0.0784748 0.24748 -0.96571 -14.9572 0 0 0 1 
Seq_Frame0044_ReferenceToTrackerTransformStatus = OK
Seq_Frame0044_StylusToTrackerTransform = 0.443771 0.576561 0.686035 19.6453 -0.86824 0.0870864 0.488442 100.905 0.221873 -0.812399 0.53924 -119.1 0 0 0 1 
Seq_Frame0044_StylusToTrackerTransformStatus = OK
Seq_Frame0044_Timestamp = 1216.740029
Seq_Frame0044_ImageStatus = OK
Seq_Frame0045_ProbeToTrackerTransform = 0.226159 0.510856 0.829385 323.55 -0.0685961 0.857684 -0.509581 -108.767 -0.971672 0.0583536 0.229015 -7.2315 0 0 0 1 
Seq_Frame0045_ProbeToTrackerTransformStatus = OK
Seq_Frame0045_ReferenceToTrackerTransform = 0.566733 0.785876 0.247412 257.398 0.820162 -0.566702 -0.0786321 6.58564 0.0784141 0.247482 -0.965714 -14.9572 0 0 0 1 
Seq_Frame0045_ReferenceToTrackerTransformStatus = OK
Seq_Frame0045_StylusToTrackerTransform = 0.443771 0.576561 0.686035 19.6453 -0.86824 0.0870864 0.488442 100.905 0.221873 -0.812399 0.53924 -119.1 0 0 0 1 
Seq_Frame0045_StylusToTrackerTransformStatus = OK
Seq_Frame0045_Timestamp = 1216.815329
Seq_Frame0045_ImageStatus = OK
Seq_Frame0046_ProbeToTrackerTransform = 0.224859 0.510128 0.830186 324.742 -0.0668827 0.858075 -0.50915 -109.407 -0.972093 0.0589618 0.227065 -7.1254 0 0 0 1 
Seq_Frame0046_ProbeToTrackerTransformStatus = OK
Seq_Frame0046_ReferenceToTrackerTransform = 0.566739 0.785885 0.24737 257.398 0.820159 -0.566708 -0.0786252 6.58564 0.0783962 0.247443 -0.965726 -14.9572 0 0 0 1 
Seq_Frame0046_ReferenceToTrackerTransformStatus = OK
Seq_Frame0046_StylusToTrackerTransform = 0.443781 0.576549 0.68604 19.6453 -0.868234 0.0870825 0.488453 100.905 0.221875 -0.812409 0.539224 -119.1 0 0 0 1 
Seq_Frame0046_StylusToTrackerTransformStatus = OK
Seq_Frame0046_Timestamp = 1216.964771
Seq_Frame0046_ImageStatus = OK
Seq_Frame0047_ProbeToTrackerTransform = 0.224131 0.509263 0.830913 325.434 -0.066092 0.858584 -0.508395 -109.641 -0.972315 0.0590304 0.226093 -7.03213 0 0 0 1 
Seq_Frame0047_ProbeToTrackerTransformStatus = OK
Seq_Frame0047_ReferenceToTrackerTransform = 0.56673 0.785868 0.247446 257.398 0.820158 -0.566715 -0.0785838 6.58564 0.0784748 0.24748 -0.96571 -14.9572 0 0 0 1 
Seq_Frame0047_ReferenceToTrackerTransformStatus = OK
Seq_Frame0047_StylusToTrackerTransform = 0.443855 0.576453 0.686072 19.6453 -0.868169 0.0869716 0.488588 100.905 0.221979 -0.812489 0.539061 -119.1 0 0 0 1 
Seq_Frame0047_StylusToTrackerTransformStatus = OK
Seq_Frame0047_Timestamp = 1217.037700
Seq_Frame0047_ImageStatus = OK
Seq_Frame0048_ProbeToTrackerTransform = 0.223628 0.508188 0.831706 326.644 -0.0632954 0.859087 -0.5079 -110.21 -0.972617 0.0609377 0.224282 -7.14375 0 0 0 1 
Seq_Frame0048_ProbeToTrackerTransformStatus = OK
Seq_Frame0048_ReferenceToTrackerTransform = 0.566738 0.785894 0.247343 257.398 0.820154 -0.566728 -0.0785296 6.58564 0.07846 0.247365 -0.965741 -14.9572 0 0 0 1 
Seq_Frame0048_ReferenceToTrackerTransformStatus = OK
Seq_Frame0048_StylusToTrackerTransform = 0.443713 0.576611 0.686031 19.6453 -0.868304 0.0872055 0.488307 100.905 0.221737 -0.812352 0.539367 -119.1 0 0 0 1 
Seq_Frame0048_StylusToTrackerTransformStatus = OK
Seq_Frame0048_Timestamp = 1217.181086
Seq_Frame0048_ImageStatus = OK
Seq_Frame0049_ProbeToTrackerTransform = 0.223438 0.508423 0.831613 326.948 -0.0628463 0.858923 -0.508234 -110.525 -0.97269 0.0612952 0.223869 -7.13872 0 0 0 1 
Seq_Frame0049_ProbeToTrackerTransformStatus = OK
Seq_Frame0049_ReferenceToTrackerTransform = 0.566732 0.785899 0.247343 257.398 0.820155 -0.566732 -0.0784908 6.58564 0.0784914 0.247343 -0.965744 -14.9572 0 0 0 1 
Seq_Frame0049_ReferenceToTrackerTransformStatus = OK
Seq_Frame0049_StylusToTrackerTransform = 0.44368 0.576621 0.686044 19.6453 -0.868319 0.0871833 0.488284 100.905 0.221743 -0.812347 0.539372 -119.1 0 0 0 1 
Seq_Frame0049_StylusToTrackerTransformStatus = OK
Seq_Frame0049_Timestamp = 1217.251271
Seq_Frame0049_ImageStatus = OK
Seq_Frame0050_ProbeToTrackerTransform = 0.224133 0.508689 0.831264 327.44 -0.0620557 0.858683 -0.508736 -111.118 -0.972581 0.0624402 0.224027 -7.03213 0 0 0 1 
Seq_Frame0050_ProbeToTrackerTransformStatus = OK
Seq_Frame0050_ReferenceToTrackerTransform = 0.566773 0.785884 0.247293 257.398 0.820125 -0.56678 -0.0784548 6.58564 0.0785044 0.247277 -0.965759 -14.9572 0 0 0 1 
Seq_Frame0050_ReferenceToTrackerTransformStatus = OK
Seq_Frame0050_StylusToTrackerTransform = 0.443659 0.576595 0.68608 19.6453 -0.868322 0.0871211 0.488289 100.905 0.221773 -0.812372 0.539322 -119.1 0 0 0 1 
Seq_Frame0050_StylusToTrackerTransformStatus = OK
Seq_Frame0050_Timestamp = 1217.319243
Seq_Frame0050_ImageStatus = OK
Seq_Frame0051_ProbeToTrackerTransform = 0.226569 0.507454 0.831359 328.843 -0.0607538 0.859256 -0.507925 -111.847 -0.972099 0.0645717 0.22551 -7.14514 0 0 0 1 
Seq_Frame0051_ProbeToTrackerTransformStatus = OK
Seq_Frame0051_ReferenceToTrackerTransform = 0.566782 0.785896 0.247236 257.398 0.820123 -0.566784 -0.0784559 6.58564 0.078471 0.247231 -0.965774 -14.9586 0 0 0 1 
Seq_Frame0051_ReferenceToTrackerTransformStatus = OK
Seq_Frame0051_StylusToTrackerTransform = 0.443649 0.576558 0.686117 19.6453 -0.868296 0.0869743 0.488362 100.905 0.221895 -0.812414 0.539209 -119.1 0 0 0 1 
Seq_Frame0051_StylusToTrackerTransformStatus = OK
Seq_Frame0051_Timestamp = 1217.461371
Seq_Frame0051_ImageStatus = OK
Seq_Frame0052_ProbeToTrackerTransform = 0.227087 0.507308 0.831306 329.617 -0.0607046 0.859321 -0.507822 -112.291 -0.971981 0.0648557 0.225936 -7.25537 0 0 0 1 
Seq_Frame0052_ProbeToTrackerTransformStatus = OK
Seq_Frame0052_ReferenceToTrackerTransform = 0.566782 0.785896 0.247236 257.398 0.820123 -0.566784 -0.0784559 6.58564 0.078471 0.247231 -0.965774 -15.0688 0 0 0 1 
Seq_Frame0052_ReferenceToTrackerTransformStatus = OK
Seq_Frame0052_StylusToTrackerTransform = 0.443649 0.576537 0.686134 19.6453 -0.868329 0.0870797 0.488285 100.905 0.221766 -0.812418 0.539257 -119.1 0 0 0 1 
Seq_Frame0052_StylusToTrackerTransformStatus = OK
Seq_Frame0052_Timestamp = 1217.536014
Seq_Frame0052_ImageStatus = OK
Seq_Frame0053_ProbeToTrackerTransform = 0.227891 0.505926 0.831928 330.336 -0.0610728 0.860155 -0.506363 -112.706 -0.97177 0.0645871 0.22692 -7.03213 0 0 0 1 
Seq_Frame0053_ProbeToTrackerTransformStatus = OK
Seq_Frame0053_ReferenceToTrackerTransform = 0.566782 0.785896 0.247236 257.398 0.820123 -0.566784 -0.0784559 6.58564 0.078471 0.247231 -0.965774 -15.0688 0 0 0 1 
Seq_Frame0053_ReferenceToTrackerTransformStatus = OK
Seq_Frame0053_StylusToTrackerTransform = 0.443542 0.576576 0.686171 19.6453 -0.868404 0.0871037 0.488147 100.905 0.221686 -0.812387 0.539335 -119.1 0 0 0 1 
Seq_Frame0053_StylusToTrackerTransformStatus = OK
Seq_Frame0053_Timestamp = 1217.610786
Seq_Frame0053_ImageStatus = OK
Seq_Frame0054_ProbeToTrackerTransform = 0.227575 0.502466 0.834109 332.068 -0.0597497 0.862177 -0.503072 -113.182 -0.971926 0.0646488 0.226232 -7.03213 0 0 0 1 
Seq_Frame0054_ProbeToTrackerTransformStatus = OK
Seq_Frame0054_ReferenceToTrackerTransform = 0.566784 0.785905 0.247202 257.398 0.820126 -0.566771 -0.0785043 6.58564 0.0784104 0.247232 -0.965778 -15.0688 0 0 0 1 
Seq_Frame0054_ReferenceToTrackerTransformStatus = OK
Seq_Frame0054_StylusToTrackerTransform = 0.443531 0.576571 0.686182 19.6453 -0.868433 0.0871776 0.488082 100.905 0.221594 -0.812383 0.539379 -119.1 0 0 0 1 
Seq_Frame0054_StylusToTrackerTransformStatus = OK
Seq_Frame0054_Timestamp = 1217.759286
Seq_Frame0054_ImageStatus = OK
Seq_Frame0055_ProbeToTrackerTransform = 0.228026 0.500356 0.835253 333.37 -0.0593006 0.863398 -0.501027 -113.452 -0.971848 0.0647161 0.226549 -7.07731 0 0 0 1 
Seq_Frame0055_ProbeToTrackerTransformStatus = OK
Seq_Frame0055_ReferenceToTrackerTransform = 0.566759 0.785935 0.247166 257.398 0.820145 -0.566748 -0.0784803 6.58564 0.0784004 0.247191 -0.96579 -15.0688 0 0 0 1 
Seq_Frame0055_ReferenceToTrackerTransformStatus = OK
Seq_Frame0055_StylusToTrackerTransform = 0.443541 0.576602 0.68615 19.6453 -0.868444 0.0872652 0.488046 100.905 0.221531 -0.812352 0.539452 -119.1 0 0 0 1 
Seq_Frame0055_StylusToTrackerTransformStatus = OK
Seq_Frame0055_Timestamp = 1217.833443
