ObjectType = Image
NDims = 3
AnatomicalOrientation = RAI
BinaryData = True
BinaryDataByteOrderMSB = False
CenterOfRotation = 0 0 0
CompressedData = False
DimSize = 0 0                         85
ElementNumberOfChannels = 1
ElementSpacing = 1 1 1
ElementType = MET_OTHER
Kinds = domain domain               list
Offset = 0 0 0
TransformMatrix = 1 0 0 0 1 0 0 0 1
UltrasoundImageOrientation = XX
UltrasoundImageType = XX
Seq_Frame0000_NeedleToTrackerTransform = 1 -2.410080463769708e-018 -2.495711234756963e-018 84 0 -0.7193397879600525 0.6946583986282349 -7.193397998809815 -3.469446951953614e-018 -0.6946583986282349 -0.7193397879600525 -6.94658374786377 0 0 0 1 
Seq_Frame0000_NeedleToTrackerTransformStatus = OK
Seq_Frame0000_ProbeToTrackerTransform = -0.2124741673469544 -0.9769757390022278 -0.01931597664952278 91.98129272460938 0.971855640411377 -0.20921990275383 -0.1082755774259567 -50.49953842163086 0.1017413288354874 -0.04177810624241829 0.9939332604408264 -10.98241710662842 0 0 0 1 
Seq_Frame0000_ProbeToTrackerTransformStatus = OK
Seq_Frame0000_ReferenceToTrackerTransform = 1 0 0 0 0 1 0 0 0 0 1 0 0 0 0 1 
Seq_Frame0000_ReferenceToTrackerTransformStatus = OK
Seq_Frame0000_Timestamp = 167.1779999999853
Seq_Frame0000_ImageStatus = INVALID
Seq_Frame0001_NeedleToTrackerTransform = 1 -2.410080463769708e-018 -2.495711234756963e-018 84 0 -0.7193397879600525 0.6946583986282349 -7.193397998809815 -3.469446951953614e-018 -0.6946583986282349 -0.7193397879600525 -6.94658374786377 0 0 0 1 
Seq_Frame0001_NeedleToTrackerTransformStatus = OK
Seq_Frame0001_ProbeToTrackerTransform = -0.2124741673469544 -0.9769757390022278 -0.01931597664952278 91.98129272460938 0.971855640411377 -0.20921990275383 -0.1082755774259567 -50.49953842163086 0.1017413288354874 -0.04177810624241829 0.9939332604408264 -10.98241710662842 0 0 0 1 
Seq_Frame0001_ProbeToTrackerTransformStatus = OK
Seq_Frame0001_ReferenceToTrackerTransform = 1 0 0 0 0 1 0 0 0 0 1 0 0 0 0 1 
Seq_Frame0001_ReferenceToTrackerTransformStatus = OK
Seq_Frame0001_Timestamp = 167.6779999999853
Seq_Frame0001_ImageStatus = INVALID
Seq_Frame0002_NeedleToTrackerTransform = 1 -2.410080463769708e-018 -2.495711234756963e-018 84 0 -0.7193397879600525 0.6946583986282349 -7.193397998809815 -3.469446951953614e-018 -0.6946583986282349 -0.7193397879600525 -6.94658374786377 0 0 0 1 
Seq_Frame0002_NeedleToTrackerTransformStatus = OK
Seq_Frame0002_ProbeToTrackerTransform = -0.2124741673469544 -0.9769757390022278 -0.01931597664952278 91.98129272460938 0.971855640411377 -0.20921990275383 -0.1082755774259567 -50.49953842163086 0.1017413288354874 -0.04177810624241829 0.9939332604408264 -10.98241710662842 0 0 0 1 
Seq_Frame0002_ProbeToTrackerTransformStatus = OK
Seq_Frame0002_ReferenceToTrackerTransform = 1 0 0 0 0 1 0 0 0 0 1 0 0 0 0 1 
Seq_Frame0002_ReferenceToTrackerTransformStatus = OK
Seq_Frame0002_Timestamp = 168.1790000000037
Seq_Frame0002_ImageStatus = INVALID
Seq_Frame0003_NeedleToTrackerTransform = 1 -2.410080463769708e-018 -2.495711234756963e-018 84 0 -0.7193397879600525 0.6946583986282349 -7.193397998809815 -3.469446951953614e-018 -0.6946583986282349 -0.7193397879600525 -6.94658374786377 0 0 0 1 
Seq_Frame0003_NeedleToTrackerTransformStatus = OK
Seq_Frame0003_ProbeToTrackerTransform = -0.2124741673469544 -0.9769757390022278 -0.01931597664952278 91.98129272460938 0.971855640411377 -0.20921990275383 -0.1082755774259567 -50.49953842163086 0.1017413288354874 -0.04177810624241829 0.9939332604408264 -10.98241710662842 0 0 0 1 
Seq_Frame0003_ProbeToTrackerTransformStatus = OK
Seq_Frame0003_ReferenceToTrackerTransform = 1 0 0 0 0 1 0 0 0 0 1 0 0 0 0 1 
Seq_Frame0003_ReferenceToTrackerTransformStatus = OK
Seq_Frame0003_Timestamp = 168.6790000000037
Seq_Frame0003_ImageStatus = INVALID
Seq_Frame0004_NeedleToTrackerTransform = 1 -2.410080463769708e-018 -2.495711234756963e-018 84 0 -0.7193397879600525 0.6946583986282349 -7.193397998809815 -3.469446951953614e-018 -0.6946583986282349 -0.7193397879600525 -6.94658374786377 0 0 0 1 
Seq_Frame0004_NeedleToTrackerTransformStatus = OK
Seq_Frame0004_ProbeToTrackerTransform = -0.2124741673469544 -0.9769757390022278 -0.01931597664952278 91.98129272460938 0.971855640411377 -0.20921990275383 -0.1082755774259567 -50.49953842163086 0.1017413288354874 -0.04177810624241829 0.9939332604408264 -10.98241710662842 0 0 0 1 
Seq_Frame0004_ProbeToTrackerTransformStatus = OK
Seq_Frame0004_ReferenceToTrackerTransform = 1 0 0 0 0 1 0 0 0 0 1 0 0 0 0 1 
Seq_Frame0004_ReferenceToTrackerTransformStatus = OK
Seq_Frame0004_Timestamp = 169.1790000000037
Seq_Frame0004_ImageStatus = INVALID
Seq_Frame0005_NeedleToTrackerTransform = 1 -2.410080463769708e-018 -2.495711234756963e-018 84 0 -0.7193397879600525 0.6946583986282349 -7.193397998809815 -3.469446951953614e-018 -0.6946583986282349 -0.7193397879600525 -6.94658374786377 0 0 0 1 
Seq_Frame0005_NeedleToTrackerTransformStatus = OK
Seq_Frame0005_ProbeToTrackerTransform = -0.2124741673469544 -0.9769757390022278 -0.01931597664952278 91.98129272460938 0.971855640411377 -0.20921990275383 -0.1082755774259567 -50.49953842163086 0.1017413288354874 -0.04177810624241829 0.9939332604408264 -10.98241710662842 0 0 0 1 
Seq_Frame0005_ProbeToTrackerTransformStatus = OK
Seq_Frame0005_ReferenceToTrackerTransform = 1 0 0 0 0 1 0 0 0 0 1 0 0 0 0 1 
Seq_Frame0005_ReferenceToTrackerTransformStatus = OK
Seq_Frame0005_Timestamp = 169.679999999993
Seq_Frame0005_ImageStatus = INVALID
Seq_Frame0006_NeedleToTrackerTransform = 1 -2.410080463769708e-018 -2.495711234756963e-018 84 0 -0.7193397879600525 0.6946583986282349 -7.193397998809815 -3.469446951953614e-018 -0.6946583986282349 -0.7193397879600525 -6.94658374786377 0 0 0 1 
Seq_Frame0006_NeedleToTrackerTransformStatus = OK
Seq_Frame0006_ProbeToTrackerTransform = -0.2124741673469544 -0.9769757390022278 -0.01931597664952278 91.98129272460938 0.971855640411377 -0.20921990275383 -0.1082755774259567 -50.49953842163086 0.1017413288354874 -0.04177810624241829 0.9939332604408264 -10.98241710662842 0 0 0 1 
Seq_Frame0006_ProbeToTrackerTransformStatus = OK
Seq_Frame0006_ReferenceToTrackerTransform = 1 0 0 0 0 1 0 0 0 0 1 0 0 0 0 1 
Seq_Frame0006_ReferenceToTrackerTransformStatus = OK
Seq_Frame0006_Timestamp = 170.179999999993
Seq_Frame0006_ImageStatus = INVALID
Seq_Frame0007_NeedleToTrackerTransform = 1 -2.410080463769708e-018 -2.495711234756963e-018 84 0 -0.7193397879600525 0.6946583986282349 -7.193397998809815 -3.469446951953614e-018 -0.6946583986282349 -0.7193397879600525 -6.94658374786377 0 0 0 1 
Seq_Frame0007_NeedleToTrackerTransformStatus = OK
Seq_Frame0007_ProbeToTrackerTransform = -0.2124741673469544 -0.9769757390022278 -0.01931597664952278 91.98129272460938 0.971855640411377 -0.20921990275383 -0.1082755774259567 -50.49953842163086 0.1017413288354874 -0.04177810624241829 0.9939332604408264 -10.98241710662842 0 0 0 1 
Seq_Frame0007_ProbeToTrackerTransformStatus = OK
Seq_Frame0007_ReferenceToTrackerTransform = 1 0 0 0 0 1 0 0 0 0 1 0 0 0 0 1 
Seq_Frame0007_ReferenceToTrackerTransformStatus = OK
Seq_Frame0007_Timestamp = 170.6809999999823
Seq_Frame0007_ImageStatus = INVALID
Seq_Frame0008_NeedleToTrackerTransform = 1 -2.410080463769708e-018 -2.495711234756963e-018 84 0 -0.7193397879600525 0.6946583986282349 -7.193397998809815 -3.469446951953614e-018 -0.6946583986282349 -0.7193397879600525 -6.94658374786377 0 0 0 1 
Seq_Frame0008_NeedleToTrackerTransformStatus = OK
Seq_Frame0008_ProbeToTrackerTransform = -0.2124741700334299 -0.9769757520509595 -0.01931597714502874 91.43063193165528 0.9718556627482805 -0.2092199077599278 -0.1082755788764383 -50.49953842163086 0.1017413281449855 -0.04177810552657296 0.9939332432542465 -10.98241710662842 0 0 0 1 
Seq_Frame0008_ProbeToTrackerTransformStatus = OK
Seq_Frame0008_ReferenceToTrackerTransform = 1 0 0 0 0 1 0 0 0 0 1 0 0 0 0 1 
Seq_Frame0008_ReferenceToTrackerTransformStatus = OK
Seq_Frame0008_Timestamp = 171.1809999999823
Seq_Frame0008_ImageStatus = INVALID
Seq_Frame0009_NeedleToTrackerTransform = 1 -2.410080463769708e-018 -2.495711234756963e-018 84 0 -0.7193397879600525 0.6946583986282349 -7.193397998809815 -3.469446951953614e-018 -0.6946583986282349 -0.7193397879600525 -6.94658374786377 0 0 0 1 
Seq_Frame0009_NeedleToTrackerTransformStatus = OK
Seq_Frame0009_ProbeToTrackerTransform = -0.2124741673469544 -0.9769757390022278 -0.01931597664952278 90.98129272460938 0.971855640411377 -0.20921990275383 -0.1082755774259567 -50.49953842163086 0.1017413288354874 -0.04177810624241829 0.9939332604408264 -10.98241710662842 0 0 0 1 
Seq_Frame0009_ProbeToTrackerTransformStatus = OK
Seq_Frame0009_ReferenceToTrackerTransform = 1 0 0 0 0 1 0 0 0 0 1 0 0 0 0 1 
Seq_Frame0009_ReferenceToTrackerTransformStatus = OK
Seq_Frame0009_Timestamp = 171.5889999999781
Seq_Frame0009_ImageStatus = INVALID
Seq_Frame0010_NeedleToTrackerTransform = 1 -2.410080463769708e-018 -2.495711234756963e-018 84 0 -0.7193397879600525 0.6946583986282349 -7.193397998809815 -3.469446951953614e-018 -0.6946583986282349 -0.7193397879600525 -6.94658374786377 0 0 0 1 
Seq_Frame0010_NeedleToTrackerTransformStatus = OK
Seq_Frame0010_ProbeToTrackerTransform = -0.2124741673469544 -0.9769757390022278 -0.01931597664952278 88.98129272460938 0.971855640411377 -0.20921990275383 -0.1082755774259567 -50.49953842163086 0.1017413288354874 -0.04177810624241829 0.9939332604408264 -10.98241710662842 0 0 0 1 
Seq_Frame0010_ProbeToTrackerTransformStatus = OK
Seq_Frame0010_ReferenceToTrackerTransform = 1 0 0 0 0 1 0 0 0 0 1 0 0 0 0 1 
Seq_Frame0010_ReferenceToTrackerTransformStatus = OK
Seq_Frame0010_Timestamp = 171.6989999999933
Seq_Frame0010_ImageStatus = INVALID
Seq_Frame0011_NeedleToTrackerTransform = 1 -2.410080463769708e-018 -2.495711234756963e-018 84 0 -0.7193397879600525 0.6946583986282349 -7.193397998809815 -3.469446951953614e-018 -0.6946583986282349 -0.7193397879600525 -6.94658374786377 0 0 0 1 
Seq_Frame0011_NeedleToTrackerTransformStatus = OK
Seq_Frame0011_ProbeToTrackerTransform = -0.2124741673469544 -0.9769757390022278 -0.01931597664952278 86.98129272460938 0.971855640411377 -0.20921990275383 -0.1082755774259567 -50.49953842163086 0.1017413288354874 -0.04177810624241829 0.9939332604408264 -10.98241710662842 0 0 0 1 
Seq_Frame0011_ProbeToTrackerTransformStatus = OK
Seq_Frame0011_ReferenceToTrackerTransform = 1 0 0 0 0 1 0 0 0 0 1 0 0 0 0 1 
Seq_Frame0011_ReferenceToTrackerTransformStatus = OK
Seq_Frame0011_Timestamp = 171.8709999999846
Seq_Frame0011_ImageStatus = INVALID
Seq_Frame0012_NeedleToTrackerTransform = 1 -2.410080463769708e-018 -2.495711234756963e-018 84 0 -0.7193397879600525 0.6946583986282349 -7.193397998809815 -3.469446951953614e-018 -0.6946583986282349 -0.7193397879600525 -6.94658374786377 0 0 0 1 
Seq_Frame0012_NeedleToTrackerTransformStatus = OK
Seq_Frame0012_ProbeToTrackerTransform = -0.2124741673469544 -0.9769757390022278 -0.01931597664952278 83.98129272460938 0.971855640411377 -0.20921990275383 -0.1082755774259567 -50.49953842163086 0.1017413288354874 -0.04177810624241829 0.9939332604408264 -10.98241710662842 0 0 0 1 
Seq_Frame0012_ProbeToTrackerTransformStatus = OK
Seq_Frame0012_ReferenceToTrackerTransform = 1 0 0 0 0 1 0 0 0 0 1 0 0 0 0 1 
Seq_Frame0012_ReferenceToTrackerTransformStatus = OK
Seq_Frame0012_Timestamp = 171.9510000000009
Seq_Frame0012_ImageStatus = INVALID
Seq_Frame0013_NeedleToTrackerTransform = 1 -2.410080463769708e-018 -2.495711234756963e-018 84 0 -0.7193397879600525 0.6946583986282349 -7.193397998809815 -3.469446951953614e-018 -0.6946583986282349 -0.7193397879600525 -6.94658374786377 0 0 0 1 
Seq_Frame0013_NeedleToTrackerTransformStatus = OK
Seq_Frame0013_ProbeToTrackerTransform = -0.2124741673469544 -0.9769757390022278 -0.01931597664952278 82.98129272460938 0.971855640411377 -0.20921990275383 -0.1082755774259567 -50.49953842163086 0.1017413288354874 -0.04177810624241829 0.9939332604408264 -10.98241710662842 0 0 0 1 
Seq_Frame0013_ProbeToTrackerTransformStatus = OK
Seq_Frame0013_ReferenceToTrackerTransform = 1 0 0 0 0 1 0 0 0 0 1 0 0 0 0 1 
Seq_Frame0013_ReferenceToTrackerTransformStatus = OK
Seq_Frame0013_Timestamp = 172.0599999999977
Seq_Frame0013_ImageStatus = INVALID
Seq_Frame0014_NeedleToTrackerTransform = 1 -2.410080463769708e-018 -2.495711234756963e-018 84 0 -0.7193397879600525 0.6946583986282349 -7.193397998809815 -3.469446951953614e-018 -0.6946583986282349 -0.7193397879600525 -6.94658374786377 0 0 0 1 
Seq_Frame0014_NeedleToTrackerTransformStatus = OK
Seq_Frame0014_ProbeToTrackerTransform = -0.2124741673469544 -0.9769757390022278 -0.01931597664952278 83.98129272460938 0.971855640411377 -0.20921990275383 -0.1082755774259567 -50.49953842163086 0.1017413288354874 -0.04177810624241829 0.9939332604408264 -10.98241710662842 0 0 0 1 
Seq_Frame0014_ProbeToTrackerTransformStatus = OK
Seq_Frame0014_ReferenceToTrackerTransform = 1 0 0 0 0 1 0 0 0 0 1 0 0 0 0 1 
Seq_Frame0014_ReferenceToTrackerTransformStatus = OK
Seq_Frame0014_Timestamp = 172.3389999999781
Seq_Frame0014_ImageStatus = INVALID
Seq_Frame0015_NeedleToTrackerTransform = 1 -2.410080463769708e-018 -2.495711234756963e-018 84 0 -0.7193397879600525 0.6946583986282349 -7.193397998809815 -3.469446951953614e-018 -0.6946583986282349 -0.7193397879600525 -6.94658374786377 0 0 0 1 
Seq_Frame0015_NeedleToTrackerTransformStatus = OK
Seq_Frame0015_ProbeToTrackerTransform = -0.2124741673469544 -0.9769757390022278 -0.01931597664952278 84.98129272460938 0.971855640411377 -0.20921990275383 -0.1082755774259567 -50.49953842163086 0.1017413288354874 -0.04177810624241829 0.9939332604408264 -10.98241710662842 0 0 0 1 
Seq_Frame0015_ProbeToTrackerTransformStatus = OK
Seq_Frame0015_ReferenceToTrackerTransform = 1 0 0 0 0 1 0 0 0 0 1 0 0 0 0 1 
Seq_Frame0015_ReferenceToTrackerTransformStatus = OK
Seq_Frame0015_Timestamp = 172.426999999996
Seq_Frame0015_ImageStatus = INVALID
Seq_Frame0016_NeedleToTrackerTransform = 1 -2.410080463769708e-018 -2.495711234756963e-018 84 0 -0.7193397879600525 0.6946583986282349 -7.193397998809815 -3.469446951953614e-018 -0.6946583986282349 -0.7193397879600525 -6.94658374786377 0 0 0 1 
Seq_Frame0016_NeedleToTrackerTransformStatus = OK
Seq_Frame0016_ProbeToTrackerTransform = -0.2124741673469544 -0.9769757390022278 -0.01931597664952278 86.98129272460938 0.971855640411377 -0.20921990275383 -0.1082755774259567 -50.49953842163086 0.1017413288354874 -0.04177810624241829 0.9939332604408264 -10.98241710662842 0 0 0 1 
Seq_Frame0016_ProbeToTrackerTransformStatus = OK
Seq_Frame0016_ReferenceToTrackerTransform = 1 0 0 0 0 1 0 0 0 0 1 0 0 0 0 1 
Seq_Frame0016_ReferenceToTrackerTransformStatus = OK
Seq_Frame0016_Timestamp = 172.5329999999958
Seq_Frame0016_ImageStatus = INVALID
Seq_Frame0017_NeedleToTrackerTransform = 1 -2.410080463769708e-018 -2.495711234756963e-018 84 0 -0.7193397879600525 0.6946583986282349 -7.193397998809815 -3.469446951953614e-018 -0.6946583986282349 -0.7193397879600525 -6.94658374786377 0 0 0 1 
Seq_Frame0017_NeedleToTrackerTransformStatus = OK
Seq_Frame0017_ProbeToTrackerTransform = -0.2124741673469544 -0.9769757390022278 -0.01931597664952278 87.98129272460938 0.971855640411377 -0.20921990275383 -0.1082755774259567 -50.49953842163086 0.1017413288354874 -0.04177810624241829 0.9939332604408264 -10.98241710662842 0 0 0 1 
Seq_Frame0017_ProbeToTrackerTransformStatus = OK
Seq_Frame0017_ReferenceToTrackerTransform = 1 0 0 0 0 1 0 0 0 0 1 0 0 0 0 1 
Seq_Frame0017_ReferenceToTrackerTransformStatus = OK
Seq_Frame0017_Timestamp = 172.6069999999891
Seq_Frame0017_ImageStatus = INVALID
Seq_Frame0018_NeedleToTrackerTransform = 1 -2.410080463769708e-018 -2.495711234756963e-018 84 0 -0.7193397879600525 0.6946583986282349 -7.193397998809815 -3.469446951953614e-018 -0.6946583986282349 -0.7193397879600525 -6.94658374786377 0 0 0 1 
Seq_Frame0018_NeedleToTrackerTransformStatus = OK
Seq_Frame0018_ProbeToTrackerTransform = -0.2124741673469544 -0.9769757390022278 -0.01931597664952278 90.98129272460938 0.971855640411377 -0.20921990275383 -0.1082755774259567 -50.49953842163086 0.1017413288354874 -0.04177810624241829 0.9939332604408264 -10.98241710662842 0 0 0 1 
Seq_Frame0018_ProbeToTrackerTransformStatus = OK
Seq_Frame0018_ReferenceToTrackerTransform = 1 0 0 0 0 1 0 0 0 0 1 0 0 0 0 1 
Seq_Frame0018_ReferenceToTrackerTransformStatus = OK
Seq_Frame0018_Timestamp = 172.7869999999821
Seq_Frame0018_ImageStatus = INVALID
Seq_Frame0019_NeedleToTrackerTransform = 1 -2.410080463769708e-018 -2.495711234756963e-018 84 0 -0.7193397879600525 0.6946583986282349 -7.193397998809815 -3.469446951953614e-018 -0.6946583986282349 -0.7193397879600525 -6.94658374786377 0 0 0 1 
Seq_Frame0019_NeedleToTrackerTransformStatus = OK
Seq_Frame0019_ProbeToTrackerTransform = -0.2124741673469544 -0.9769757390022278 -0.01931597664952278 92.98129272460938 0.971855640411377 -0.20921990275383 -0.1082755774259567 -50.49953842163086 0.1017413288354874 -0.04177810624241829 0.9939332604408264 -10.98241710662842 0 0 0 1 
Seq_Frame0019_ProbeToTrackerTransformStatus = OK
Seq_Frame0019_ReferenceToTrackerTransform = 1 0 0 0 0 1 0 0 0 0 1 0 0 0 0 1 
Seq_Frame0019_ReferenceToTrackerTransformStatus = OK
Seq_Frame0019_Timestamp = 172.8830000000016
Seq_Frame0019_ImageStatus = INVALID
Seq_Frame0020_NeedleToTrackerTransform = 1 -2.410080463769708e-018 -2.495711234756963e-018 84 0 -0.7193397879600525 0.6946583986282349 -7.193397998809815 -3.469446951953614e-018 -0.6946583986282349 -0.7193397879600525 -6.94658374786377 0 0 0 1 
Seq_Frame0020_NeedleToTrackerTransformStatus = OK
Seq_Frame0020_ProbeToTrackerTransform = -0.2124741673469544 -0.9769757390022278 -0.01931597664952278 93.98129272460938 0.971855640411377 -0.20921990275383 -0.1082755774259567 -50.49953842163086 0.1017413288354874 -0.04177810624241829 0.9939332604408264 -10.98241710662842 0 0 0 1 
Seq_Frame0020_ProbeToTrackerTransformStatus = OK
Seq_Frame0020_ReferenceToTrackerTransform = 1 0 0 0 0 1 0 0 0 0 1 0 0 0 0 1 
Seq_Frame0020_ReferenceToTrackerTransformStatus = OK
Seq_Frame0020_Timestamp = 173.0599999999977
Seq_Frame0020_ImageStatus = INVALID
Seq_Frame0021_NeedleToTrackerTransform = 1 -2.410080463769708e-018 -2.495711234756963e-018 84 0 -0.7193397879600525 0.6946583986282349 -7.193397998809815 -3.469446951953614e-018 -0.6946583986282349 -0.7193397879600525 -6.94658374786377 0 0 0 1 
Seq_Frame0021_NeedleToTrackerTransformStatus = OK
Seq_Frame0021_ProbeToTrackerTransform = -0.2124741673469544 -0.9769757390022278 -0.01931597664952278 94.98129272460938 0.971855640411377 -0.20921990275383 -0.1082755774259567 -50.49953842163086 0.1017413288354874 -0.04177810624241829 0.9939332604408264 -10.98241710662842 0 0 0 1 
Seq_Frame0021_ProbeToTrackerTransformStatus = OK
Seq_Frame0021_ReferenceToTrackerTransform = 1 0 0 0 0 1 0 0 0 0 1 0 0 0 0 1 
Seq_Frame0021_ReferenceToTrackerTransformStatus = OK
Seq_Frame0021_Timestamp = 173.1330000000016
Seq_Frame0021_ImageStatus = INVALID
Seq_Frame0022_NeedleToTrackerTransform = 1 -2.410080463769708e-018 -2.495711234756963e-018 84 0 -0.7193397879600525 0.6946583986282349 -7.193397998809815 -3.469446951953614e-018 -0.6946583986282349 -0.7193397879600525 -6.94658374786377 0 0 0 1 
Seq_Frame0022_NeedleToTrackerTransformStatus = OK
Seq_Frame0022_ProbeToTrackerTransform = -0.2124741673469544 -0.9769757390022278 -0.01931597664952278 95.98129272460938 0.971855640411377 -0.20921990275383 -0.1082755774259567 -50.49953842163086 0.1017413288354874 -0.04177810624241829 0.9939332604408264 -10.98241710662842 0 0 0 1 
Seq_Frame0022_ProbeToTrackerTransformStatus = OK
Seq_Frame0022_ReferenceToTrackerTransform = 1 0 0 0 0 1 0 0 0 0 1 0 0 0 0 1 
Seq_Frame0022_ReferenceToTrackerTransformStatus = OK
Seq_Frame0022_Timestamp = 173.2609999999986
Seq_Frame0022_ImageStatus = INVALID
Seq_Frame0023_NeedleToTrackerTransform = 1 -2.410080463769708e-018 -2.495711234756963e-018 84 0 -0.7193397879600525 0.6946583986282349 -7.193397998809815 -3.469446951953614e-018 -0.6946583986282349 -0.7193397879600525 -6.94658374786377 0 0 0 1 
Seq_Frame0023_NeedleToTrackerTransformStatus = OK
Seq_Frame0023_ProbeToTrackerTransform = -0.2124741673469544 -0.9769757390022278 -0.01931597664952278 98.98129272460938 0.971855640411377 -0.20921990275383 -0.1082755774259567 -50.49953842163086 0.1017413288354874 -0.04177810624241829 0.9939332604408264 -10.98241710662842 0 0 0 1 
Seq_Frame0023_ProbeToTrackerTransformStatus = OK
Seq_Frame0023_ReferenceToTrackerTransform = 1 0 0 0 0 1 0 0 0 0 1 0 0 0 0 1 
Seq_Frame0023_ReferenceToTrackerTransformStatus = OK
Seq_Frame0023_Timestamp = 173.4459999999963
Seq_Frame0023_ImageStatus = INVALID
Seq_Frame0024_NeedleToTrackerTransform = 1 -2.410080463769708e-018 -2.495711234756963e-018 84 0 -0.7193397879600525 0.6946583986282349 -7.193397998809815 -3.469446951953614e-018 -0.6946583986282349 -0.7193397879600525 -6.94658374786377 0 0 0 1 
Seq_Frame0024_NeedleToTrackerTransformStatus = OK
Seq_Frame0024_ProbeToTrackerTransform = -0.2124741673469544 -0.9769757390022278 -0.01931597664952278 99.98129272460938 0.971855640411377 -0.20921990275383 -0.1082755774259567 -50.49953842163086 0.1017413288354874 -0.04177810624241829 0.9939332604408264 -10.98241710662842 0 0 0 1 
Seq_Frame0024_ProbeToTrackerTransformStatus = OK
Seq_Frame0024_ReferenceToTrackerTransform = 1 0 0 0 0 1 0 0 0 0 1 0 0 0 0 1 
Seq_Frame0024_ReferenceToTrackerTransformStatus = OK
Seq_Frame0024_Timestamp = 173.6300000000047
Seq_Frame0024_ImageStatus = INVALID
Seq_Frame0025_NeedleToTrackerTransform = 1 -2.410080463769708e-018 -2.495711234756963e-018 84 0 -0.7193397879600525 0.6946583986282349 -7.193397998809815 -3.469446951953614e-018 -0.6946583986282349 -0.7193397879600525 -6.94658374786377 0 0 0 1 
Seq_Frame0025_NeedleToTrackerTransformStatus = OK
Seq_Frame0025_ProbeToTrackerTransform = -0.2124741673469544 -0.9769757390022278 -0.01931597664952278 102.9812927246094 0.971855640411377 -0.20921990275383 -0.1082755774259567 -50.49953842163086 0.1017413288354874 -0.04177810624241829 0.9939332604408264 -10.98241710662842 0 0 0 1 
Seq_Frame0025_ProbeToTrackerTransformStatus = OK
Seq_Frame0025_ReferenceToTrackerTransform = 1 0 0 0 0 1 0 0 0 0 1 0 0 0 0 1 
Seq_Frame0025_ReferenceToTrackerTransformStatus = OK
Seq_Frame0025_Timestamp = 173.698000000004
Seq_Frame0025_ImageStatus = INVALID
Seq_Frame0026_NeedleToTrackerTransform = 1 -2.410080463769708e-018 -2.495711234756963e-018 84 0 -0.7193397879600525 0.6946583986282349 -7.193397998809815 -3.469446951953614e-018 -0.6946583986282349 -0.7193397879600525 -6.94658374786377 0 0 0 1 
Seq_Frame0026_NeedleToTrackerTransformStatus = OK
Seq_Frame0026_ProbeToTrackerTransform = -0.2124741673469544 -0.9769757390022278 -0.01931597664952278 105.9812927246094 0.971855640411377 -0.20921990275383 -0.1082755774259567 -50.49953842163086 0.1017413288354874 -0.04177810624241829 0.9939332604408264 -10.98241710662842 0 0 0 1 
Seq_Frame0026_ProbeToTrackerTransformStatus = OK
Seq_Frame0026_ReferenceToTrackerTransform = 1 0 0 0 0 1 0 0 0 0 1 0 0 0 0 1 
Seq_Frame0026_ReferenceToTrackerTransformStatus = OK
Seq_Frame0026_Timestamp = 173.8139999999839
Seq_Frame0026_ImageStatus = INVALID
Seq_Frame0027_NeedleToTrackerTransform = 1 -2.410080463769708e-018 -2.495711234756963e-018 84 0 -0.7193397879600525 0.6946583986282349 -7.193397998809815 -3.469446951953614e-018 -0.6946583986282349 -0.7193397879600525 -6.94658374786377 0 0 0 1 
Seq_Frame0027_NeedleToTrackerTransformStatus = OK
Seq_Frame0027_ProbeToTrackerTransform = -0.2124741673469544 -0.9769757390022278 -0.01931597664952278 109.9812927246094 0.971855640411377 -0.20921990275383 -0.1082755774259567 -50.49953842163086 0.1017413288354874 -0.04177810624241829 0.9939332604408264 -10.98241710662842 0 0 0 1 
Seq_Frame0027_ProbeToTrackerTransformStatus = OK
Seq_Frame0027_ReferenceToTrackerTransform = 1 0 0 0 0 1 0 0 0 0 1 0 0 0 0 1 
Seq_Frame0027_ReferenceToTrackerTransformStatus = OK
Seq_Frame0027_Timestamp = 173.9159999999974
Seq_Frame0027_ImageStatus = INVALID
Seq_Frame0028_NeedleToTrackerTransform = 1 -2.410080463769708e-018 -2.495711234756963e-018 84 0 -0.7193397879600525 0.6946583986282349 -7.193397998809815 -3.469446951953614e-018 -0.6946583986282349 -0.7193397879600525 -6.94658374786377 0 0 0 1 
Seq_Frame0028_NeedleToTrackerTransformStatus = OK
Seq_Frame0028_ProbeToTrackerTransform = -0.2124741673469544 -0.9769757390022278 -0.01931597664952278 115.9812927246094 0.971855640411377 -0.20921990275383 -0.1082755774259567 -50.49953842163086 0.1017413288354874 -0.04177810624241829 0.9939332604408264 -10.98241710662842 0 0 0 1 
Seq_Frame0028_ProbeToTrackerTransformStatus = OK
Seq_Frame0028_ReferenceToTrackerTransform = 1 0 0 0 0 1 0 0 0 0 1 0 0 0 0 1 
Seq_Frame0028_ReferenceToTrackerTransformStatus = OK
Seq_Frame0028_Timestamp = 174.0289999999804
Seq_Frame0028_ImageStatus = INVALID
Seq_Frame0029_NeedleToTrackerTransform = 1 -2.410080463769708e-018 -2.495711234756963e-018 84 0 -0.7193397879600525 0.6946583986282349 -7.193397998809815 -3.469446951953614e-018 -0.6946583986282349 -0.7193397879600525 -6.94658374786377 0 0 0 1 
Seq_Frame0029_NeedleToTrackerTransformStatus = OK
Seq_Frame0029_ProbeToTrackerTransform = -0.2124741673469544 -0.9769757390022278 -0.01931597664952278 117.9812927246094 0.971855640411377 -0.20921990275383 -0.1082755774259567 -50.49953842163086 0.1017413288354874 -0.04177810624241829 0.9939332604408264 -10.98241710662842 0 0 0 1 
Seq_Frame0029_ProbeToTrackerTransformStatus = OK
Seq_Frame0029_ReferenceToTrackerTransform = 1 0 0 0 0 1 0 0 0 0 1 0 0 0 0 1 
Seq_Frame0029_ReferenceToTrackerTransformStatus = OK
Seq_Frame0029_Timestamp = 174.1379999999772
Seq_Frame0029_ImageStatus = INVALID
Seq_Frame0030_NeedleToTrackerTransform = 1 -2.410080463769708e-018 -2.495711234756963e-018 84 0 -0.7193397879600525 0.6946583986282349 -7.193397998809815 -3.469446951953614e-018 -0.6946583986282349 -0.7193397879600525 -6.94658374786377 0 0 0 1 
Seq_Frame0030_NeedleToTrackerTransformStatus = OK
Seq_Frame0030_ProbeToTrackerTransform = -0.2124741673469544 -0.9769757390022278 -0.01931597664952278 119.9812927246094 0.971855640411377 -0.20921990275383 -0.1082755774259567 -50.49953842163086 0.1017413288354874 -0.04177810624241829 0.9939332604408264 -10.98241710662842 0 0 0 1 
Seq_Frame0030_ProbeToTrackerTransformStatus = OK
Seq_Frame0030_ReferenceToTrackerTransform = 1 0 0 0 0 1 0 0 0 0 1 0 0 0 0 1 
Seq_Frame0030_ReferenceToTrackerTransformStatus = OK
Seq_Frame0030_Timestamp = 174.2770000000019
Seq_Frame0030_ImageStatus = INVALID
Seq_Frame0031_NeedleToTrackerTransform = 1 -2.410080463769708e-018 -2.495711234756963e-018 84 0 -0.7193397879600525 0.6946583986282349 -7.193397998809815 -3.469446951953614e-018 -0.6946583986282349 -0.7193397879600525 -6.94658374786377 0 0 0 1 
Seq_Frame0031_NeedleToTrackerTransformStatus = OK
Seq_Frame0031_ProbeToTrackerTransform = -0.2124741673469544 -0.9769757390022278 -0.01931597664952278 120.9812927246094 0.971855640411377 -0.20921990275383 -0.1082755774259567 -50.49953842163086 0.1017413288354874 -0.04177810624241829 0.9939332604408264 -10.98241710662842 0 0 0 1 
Seq_Frame0031_ProbeToTrackerTransformStatus = OK
Seq_Frame0031_ReferenceToTrackerTransform = 1 0 0 0 0 1 0 0 0 0 1 0 0 0 0 1 
Seq_Frame0031_ReferenceToTrackerTransformStatus = OK
Seq_Frame0031_Timestamp = 174.4020000000019
Seq_Frame0031_ImageStatus = INVALID
Seq_Frame0032_NeedleToTrackerTransform = 1 -2.410080463769708e-018 -2.495711234756963e-018 84 0 -0.7193397879600525 0.6946583986282349 -7.193397998809815 -3.469446951953614e-018 -0.6946583986282349 -0.7193397879600525 -6.94658374786377 0 0 0 1 
Seq_Frame0032_NeedleToTrackerTransformStatus = OK
Seq_Frame0032_ProbeToTrackerTransform = -0.2124741673469544 -0.9769757390022278 -0.01931597664952278 119.9812927246094 0.971855640411377 -0.20921990275383 -0.1082755774259567 -50.49953842163086 0.1017413288354874 -0.04177810624241829 0.9939332604408264 -10.98241710662842 0 0 0 1 
Seq_Frame0032_ProbeToTrackerTransformStatus = OK
Seq_Frame0032_ReferenceToTrackerTransform = 1 0 0 0 0 1 0 0 0 0 1 0 0 0 0 1 
Seq_Frame0032_ReferenceToTrackerTransformStatus = OK
Seq_Frame0032_Timestamp = 174.6039999999921
Seq_Frame0032_ImageStatus = INVALID
Seq_Frame0033_NeedleToTrackerTransform = 1 -2.410080463769708e-018 -2.495711234756963e-018 84 0 -0.7193397879600525 0.6946583986282349 -7.193397998809815 -3.469446951953614e-018 -0.6946583986282349 -0.7193397879600525 -6.94658374786377 0 0 0 1 
Seq_Frame0033_NeedleToTrackerTransformStatus = OK
Seq_Frame0033_ProbeToTrackerTransform = -0.2124741673469544 -0.9769757390022278 -0.01931597664952278 116.9812927246094 0.971855640411377 -0.20921990275383 -0.1082755774259567 -50.49953842163086 0.1017413288354874 -0.04177810624241829 0.9939332604408264 -10.98241710662842 0 0 0 1 
Seq_Frame0033_ProbeToTrackerTransformStatus = OK
Seq_Frame0033_ReferenceToTrackerTransform = 1 0 0 0 0 1 0 0 0 0 1 0 0 0 0 1 
Seq_Frame0033_ReferenceToTrackerTransformStatus = OK
Seq_Frame0033_Timestamp = 174.68299999999
Seq_Frame0033_ImageStatus = INVALID
Seq_Frame0034_NeedleToTrackerTransform = 1 -2.410080463769708e-018 -2.495711234756963e-018 84 0 -0.7193397879600525 0.6946583986282349 -7.193397998809815 -3.469446951953614e-018 -0.6946583986282349 -0.7193397879600525 -6.94658374786377 0 0 0 1 
Seq_Frame0034_NeedleToTrackerTransformStatus = OK
Seq_Frame0034_ProbeToTrackerTransform = -0.2124741673469544 -0.9769757390022278 -0.01931597664952278 113.9812927246094 0.971855640411377 -0.20921990275383 -0.1082755774259567 -50.49953842163086 0.1017413288354874 -0.04177810624241829 0.9939332604408264 -10.98241710662842 0 0 0 1 
Seq_Frame0034_ProbeToTrackerTransformStatus = OK
Seq_Frame0034_ReferenceToTrackerTransform = 1 0 0 0 0 1 0 0 0 0 1 0 0 0 0 1 
Seq_Frame0034_ReferenceToTrackerTransformStatus = OK
Seq_Frame0034_Timestamp = 174.7629999999772
Seq_Frame0034_ImageStatus = INVALID
Seq_Frame0035_NeedleToTrackerTransform = 1 -2.410080463769708e-018 -2.495711234756963e-018 84 0 -0.7193397879600525 0.6946583986282349 -7.193397998809815 -3.469446951953614e-018 -0.6946583986282349 -0.7193397879600525 -6.94658374786377 0 0 0 1 
Seq_Frame0035_NeedleToTrackerTransformStatus = OK
Seq_Frame0035_ProbeToTrackerTransform = -0.2124741673469544 -0.9769757390022278 -0.01931597664952278 110.9812927246094 0.971855640411377 -0.20921990275383 -0.1082755774259567 -50.49953842163086 0.1017413288354874 -0.04177810624241829 0.9939332604408264 -10.98241710662842 0 0 0 1 
Seq_Frame0035_ProbeToTrackerTransformStatus = OK
Seq_Frame0035_ReferenceToTrackerTransform = 1 0 0 0 0 1 0 0 0 0 1 0 0 0 0 1 
Seq_Frame0035_ReferenceToTrackerTransformStatus = OK
Seq_Frame0035_Timestamp = 174.8359999999811
Seq_Frame0035_ImageStatus = INVALID
Seq_Frame0036_NeedleToTrackerTransform = 1 -2.410080463769708e-018 -2.495711234756963e-018 84 0 -0.7193397879600525 0.6946583986282349 -7.193397998809815 -3.469446951953614e-018 -0.6946583986282349 -0.7193397879600525 -6.94658374786377 0 0 0 1 
Seq_Frame0036_NeedleToTrackerTransformStatus = OK
Seq_Frame0036_ProbeToTrackerTransform = -0.2124741673469544 -0.9769757390022278 -0.01931597664952278 109.9812927246094 0.971855640411377 -0.20921990275383 -0.1082755774259567 -50.49953842163086 0.1017413288354874 -0.04177810624241829 0.9939332604408264 -10.98241710662842 0 0 0 1 
Seq_Frame0036_ProbeToTrackerTransformStatus = OK
Seq_Frame0036_ReferenceToTrackerTransform = 1 0 0 0 0 1 0 0 0 0 1 0 0 0 0 1 
Seq_Frame0036_ReferenceToTrackerTransformStatus = OK
Seq_Frame0036_Timestamp = 174.9130000000005
Seq_Frame0036_ImageStatus = INVALID
Seq_Frame0037_NeedleToTrackerTransform = 1 -2.410080463769708e-018 -2.495711234756963e-018 84 0 -0.7193397879600525 0.6946583986282349 -7.193397998809815 -3.469446951953614e-018 -0.6946583986282349 -0.7193397879600525 -6.94658374786377 0 0 0 1 
Seq_Frame0037_NeedleToTrackerTransformStatus = OK
Seq_Frame0037_ProbeToTrackerTransform = -0.2124741673469544 -0.9769757390022278 -0.01931597664952278 107.9812927246094 0.971855640411377 -0.20921990275383 -0.1082755774259567 -50.49953842163086 0.1017413288354874 -0.04177810624241829 0.9939332604408264 -10.98241710662842 0 0 0 1 
Seq_Frame0037_ProbeToTrackerTransformStatus = OK
Seq_Frame0037_ReferenceToTrackerTransform = 1 0 0 0 0 1 0 0 0 0 1 0 0 0 0 1 
Seq_Frame0037_ReferenceToTrackerTransformStatus = OK
Seq_Frame0037_Timestamp = 174.9860000000044
Seq_Frame0037_ImageStatus = INVALID
Seq_Frame0038_NeedleToTrackerTransform = 1 -2.410080463769708e-018 -2.495711234756963e-018 84 0 -0.7193397879600525 0.6946583986282349 -7.193397998809815 -3.469446951953614e-018 -0.6946583986282349 -0.7193397879600525 -6.94658374786377 0 0 0 1 
Seq_Frame0038_NeedleToTrackerTransformStatus = OK
Seq_Frame0038_ProbeToTrackerTransform = -0.2124741673469544 -0.9769757390022278 -0.01931597664952278 105.9812927246094 0.971855640411377 -0.20921990275383 -0.1082755774259567 -50.49953842163086 0.1017413288354874 -0.04177810624241829 0.9939332604408264 -10.98241710662842 0 0 0 1 
Seq_Frame0038_ProbeToTrackerTransformStatus = OK
Seq_Frame0038_ReferenceToTrackerTransform = 1 0 0 0 0 1 0 0 0 0 1 0 0 0 0 1 
Seq_Frame0038_ReferenceToTrackerTransformStatus = OK
Seq_Frame0038_Timestamp = 175.0619999999763
Seq_Frame0038_ImageStatus = INVALID
Seq_Frame0039_NeedleToTrackerTransform = 1 -2.410080463769708e-018 -2.495711234756963e-018 84 0 -0.7193397879600525 0.6946583986282349 -7.193397998809815 -3.469446951953614e-018 -0.6946583986282349 -0.7193397879600525 -6.94658374786377 0 0 0 1 
Seq_Frame0039_NeedleToTrackerTransformStatus = OK
Seq_Frame0039_ProbeToTrackerTransform = -0.2124741673469544 -0.9769757390022278 -0.01931597664952278 104.9812927246094 0.971855640411377 -0.20921990275383 -0.1082755774259567 -50.49953842163086 0.1017413288354874 -0.04177810624241829 0.9939332604408264 -10.98241710662842 0 0 0 1 
Seq_Frame0039_ProbeToTrackerTransformStatus = OK
Seq_Frame0039_ReferenceToTrackerTransform = 1 0 0 0 0 1 0 0 0 0 1 0 0 0 0 1 
Seq_Frame0039_ReferenceToTrackerTransformStatus = OK
Seq_Frame0039_Timestamp = 175.1359999999986
Seq_Frame0039_ImageStatus = INVALID
Seq_Frame0040_NeedleToTrackerTransform = 1 -2.410080463769708e-018 -2.495711234756963e-018 84 0 -0.7193397879600525 0.6946583986282349 -7.193397998809815 -3.469446951953614e-018 -0.6946583986282349 -0.7193397879600525 -6.94658374786377 0 0 0 1 
Seq_Frame0040_NeedleToTrackerTransformStatus = OK
Seq_Frame0040_ProbeToTrackerTransform = -0.2124741673469544 -0.9769757390022278 -0.01931597664952278 103.9812927246094 0.971855640411377 -0.20921990275383 -0.1082755774259567 -50.49953842163086 0.1017413288354874 -0.04177810624241829 0.9939332604408264 -10.98241710662842 0 0 0 1 
Seq_Frame0040_ProbeToTrackerTransformStatus = OK
Seq_Frame0040_ReferenceToTrackerTransform = 1 0 0 0 0 1 0 0 0 0 1 0 0 0 0 1 
Seq_Frame0040_ReferenceToTrackerTransformStatus = OK
Seq_Frame0040_Timestamp = 175.2049999999872
Seq_Frame0040_ImageStatus = INVALID
Seq_Frame0041_NeedleToTrackerTransform = 1 -2.410080463769708e-018 -2.495711234756963e-018 84 0 -0.7193397879600525 0.6946583986282349 -7.193397998809815 -3.469446951953614e-018 -0.6946583986282349 -0.7193397879600525 -6.94658374786377 0 0 0 1 
Seq_Frame0041_NeedleToTrackerTransformStatus = OK
Seq_Frame0041_ProbeToTrackerTransform = -0.2124741673469544 -0.9769757390022278 -0.01931597664952278 102.9812927246094 0.971855640411377 -0.20921990275383 -0.1082755774259567 -50.49953842163086 0.1017413288354874 -0.04177810624241829 0.9939332604408264 -10.98241710662842 0 0 0 1 
Seq_Frame0041_ProbeToTrackerTransformStatus = OK
Seq_Frame0041_ReferenceToTrackerTransform = 1 0 0 0 0 1 0 0 0 0 1 0 0 0 0 1 
Seq_Frame0041_ReferenceToTrackerTransformStatus = OK
Seq_Frame0041_Timestamp = 175.3589999999967
Seq_Frame0041_ImageStatus = INVALID
Seq_Frame0042_NeedleToTrackerTransform = 1 -2.410080463769708e-018 -2.495711234756963e-018 84 0 -0.7193397879600525 0.6946583986282349 -7.193397998809815 -3.469446951953614e-018 -0.6946583986282349 -0.7193397879600525 -6.94658374786377 0 0 0 1 
Seq_Frame0042_NeedleToTrackerTransformStatus = OK
Seq_Frame0042_ProbeToTrackerTransform = -0.2124741673469544 -0.9769757390022278 -0.01931597664952278 101.9812927246094 0.971855640411377 -0.20921990275383 -0.1082755774259567 -50.49953842163086 0.1017413288354874 -0.04177810624241829 0.9939332604408264 -10.98241710662842 0 0 0 1 
Seq_Frame0042_ProbeToTrackerTransformStatus = OK
Seq_Frame0042_ReferenceToTrackerTransform = 1 0 0 0 0 1 0 0 0 0 1 0 0 0 0 1 
Seq_Frame0042_ReferenceToTrackerTransformStatus = OK
Seq_Frame0042_Timestamp = 175.448000000004
Seq_Frame0042_ImageStatus = INVALID
Seq_Frame0043_NeedleToTrackerTransform = 1 -2.410080463769708e-018 -2.495711234756963e-018 84 0 -0.7193397879600525 0.6946583986282349 -7.193397998809815 -3.469446951953614e-018 -0.6946583986282349 -0.7193397879600525 -6.94658374786377 0 0 0 1 
Seq_Frame0043_NeedleToTrackerTransformStatus = OK
Seq_Frame0043_ProbeToTrackerTransform = -0.2124741673469544 -0.9769757390022278 -0.01931597664952278 99.98129272460938 0.971855640411377 -0.20921990275383 -0.1082755774259567 -50.49953842163086 0.1017413288354874 -0.04177810624241829 0.9939332604408264 -10.98241710662842 0 0 0 1 
Seq_Frame0043_ProbeToTrackerTransformStatus = OK
Seq_Frame0043_ReferenceToTrackerTransform = 1 0 0 0 0 1 0 0 0 0 1 0 0 0 0 1 
Seq_Frame0043_ReferenceToTrackerTransformStatus = OK
Seq_Frame0043_Timestamp = 175.5619999999763
Seq_Frame0043_ImageStatus = INVALID
Seq_Frame0044_NeedleToTrackerTransform = 1 -2.410080463769708e-018 -2.495711234756963e-018 84 0 -0.7193397879600525 0.6946583986282349 -7.193397998809815 -3.469446951953614e-018 -0.6946583986282349 -0.7193397879600525 -6.94658374786377 0 0 0 1 
Seq_Frame0044_NeedleToTrackerTransformStatus = OK
Seq_Frame0044_ProbeToTrackerTransform = -0.2124741673469544 -0.9769757390022278 -0.01931597664952278 98.98129272460938 0.971855640411377 -0.20921990275383 -0.1082755774259567 -50.49953842163086 0.1017413288354874 -0.04177810624241829 0.9939332604408264 -10.98241710662842 0 0 0 1 
Seq_Frame0044_ProbeToTrackerTransformStatus = OK
Seq_Frame0044_ReferenceToTrackerTransform = 1 0 0 0 0 1 0 0 0 0 1 0 0 0 0 1 
Seq_Frame0044_ReferenceToTrackerTransformStatus = OK
Seq_Frame0044_Timestamp = 175.7729999999865
Seq_Frame0044_ImageStatus = INVALID
Seq_Frame0045_NeedleToTrackerTransform = 1 -2.410080463769708e-018 -2.495711234756963e-018 84 0 -0.7193397879600525 0.6946583986282349 -7.193397998809815 -3.469446951953614e-018 -0.6946583986282349 -0.7193397879600525 -6.94658374786377 0 0 0 1 
Seq_Frame0045_NeedleToTrackerTransformStatus = OK
Seq_Frame0045_ProbeToTrackerTransform = -0.2124741673469544 -0.9769757390022278 -0.01931597664952278 97.98129272460938 0.971855640411377 -0.20921990275383 -0.1082755774259567 -50.49953842163086 0.1017413288354874 -0.04177810624241829 0.9939332604408264 -10.98241710662842 0 0 0 1 
Seq_Frame0045_ProbeToTrackerTransformStatus = OK
Seq_Frame0045_ReferenceToTrackerTransform = 1 0 0 0 0 1 0 0 0 0 1 0 0 0 0 1 
Seq_Frame0045_ReferenceToTrackerTransformStatus = OK
Seq_Frame0045_Timestamp = 175.9439999999886
Seq_Frame0045_ImageStatus = INVALID
Seq_Frame0046_NeedleToTrackerTransform = 1 -2.410080463769708e-018 -2.495711234756963e-018 84 0 -0.7193397879600525 0.6946583986282349 -7.193397998809815 -3.469446951953614e-018 -0.6946583986282349 -0.7193397879600525 -6.94658374786377 0 0 0 1 
Seq_Frame0046_NeedleToTrackerTransformStatus = OK
Seq_Frame0046_ProbeToTrackerTransform = -0.2124741673469544 -0.9769757390022278 -0.01931597664952278 95.98129272460938 0.971855640411377 -0.20921990275383 -0.1082755774259567 -50.49953842163086 0.1017413288354874 -0.04177810624241829 0.9939332604408264 -10.98241710662842 0 0 0 1 
Seq_Frame0046_ProbeToTrackerTransformStatus = OK
Seq_Frame0046_ReferenceToTrackerTransform = 1 0 0 0 0 1 0 0 0 0 1 0 0 0 0 1 
Seq_Frame0046_ReferenceToTrackerTransformStatus = OK
Seq_Frame0046_Timestamp = 176.0449999999837
Seq_Frame0046_ImageStatus = INVALID
Seq_Frame0047_NeedleToTrackerTransform = 1 -2.410080463769708e-018 -2.495711234756963e-018 84 0 -0.7193397879600525 0.6946583986282349 -7.193397998809815 -3.469446951953614e-018 -0.6946583986282349 -0.7193397879600525 -6.94658374786377 0 0 0 1 
Seq_Frame0047_NeedleToTrackerTransformStatus = OK
