<PlusConfiguration version="2.1">

  <DataCollection StartupDelaySec="1.0" >
    <DeviceSet 
      Name="PlusServer: HoloLens - Replay fCal 2d phantom scan with Ultrasonix US (L14-5 probe) + Ascension3DG tracker (Probe, Reference, Stylus)"
      Description="Free-hand probe motion, imaging 3 NWires, after spatial calibration. OpenIGTLink broadcasting through PlusServer of image and tool tracking data." />

    <Device
      Id="TrackedVideoDevice"
      Type="SavedDataSource"
      SequenceFile="fCal_Test_Calibration_3NWires.mha"
      UseData="IMAGE_AND_TRANSFORM"
      UseOriginalTimestamps="TRUE"
      RepeatEnabled="TRUE" >
      <DataSources>
        <DataSource Type="Video" Id="Video" />
      </DataSources>
      <OutputChannels>
        <OutputChannel Id="TrackedVideoStream" VideoDataSourceId="Video" />
      </OutputChannels>
    </Device>
  </DataCollection>

  <PlusOpenIGTLinkServer 
    MaxNumberOfIgtlMessagesToSend="1" 
    MaxTimeSpentWithProcessingMs="50" 
    DefaultClientSendTimeoutSec="0"
    ListeningPort="18944" 
    SendValidTransformsOnly="true" 
    OutputChannelId="TrackedVideoStream" > 
    <DefaultClientInfo> 
      <MessageTypes> 
        <Message Type="TRACKEDFRAME" />
      </MessageTypes>
      <TransformNames>
        <Transform Name="ImageToReference"/>
        <Transform Name="StylusToReference"/>
        <Transform Name="ProbeToReference"/>
        <Transform Name="PhantomToReference"/>
        <Transform Name="RedSphere1ToPhantom"/>
        <Transform Name="RedSphere2ToPhantom"/>
        <Transform Name="RedSphere3ToPhantom"/>
        <Transform Name="RedSphere4ToPhantom"/>
        <Transform Name="RedSphere5ToPhantom"/>
      </TransformNames>
      <ImageNames>
        <Image Name="Image" EmbeddedTransformToFrame="Reference" />
      </ImageNames>
    </DefaultClientInfo>
  </PlusOpenIGTLinkServer>

  <CoordinateDefinitions>
    <Transform From="Image" To="Probe"
      Matrix="
        1     0    0     0
        0     1    0     0
        0     0    1     0
        0     0    0     1"
      Error="0.0" Date="012712_152030" />

    <!-- Green -->
    <Transform From="RedSphere1" To="Phantom"
      Matrix="
        0.445951	0	0.895057	128.871
        -0.441293	-0.870011	0.219868	31.6567
        0.77871	-0.493033	-0.387982	-55.8617
        0	0	0	1"
       Error="0.182047" Date="012317_142140" />

    <!-- Hub -->
    <Transform From="RedSphere2" To="Phantom"
      Matrix="
        0.608185	0	0.793795	162.847
        -0.0761383	-0.995389	0.0583352	11.9675
        0.790135	-0.0959168	-0.605381	-124.194
        0	0	0	1"
       Error="0.429184" Date="012317_142537" />

    <!-- Yellow -->
    <Transform From="RedSphere3" To="Phantom"
      Matrix="
        0.449591	0	0.893235	128.969
        -0.43427	-0.873861	0.218581	31.5597
        0.780563	-0.486177	-0.39288	-56.7258
        0	0	0	1"
       Error="0.587296" Date="012317_142241" />

    <!-- Blue -->
    <Transform From="RedSphere4" To="Phantom"
      Matrix="
        0.452309	0	0.891861	128.74
        -0.440948	-0.869227	0.223628	32.2805
        0.77523	-0.494414	-0.393159	-56.7523
        0	0	0	1"
       Error="0.259476" Date="012317_142327" />

     <!-- Teal -->
     <Transform From="RedSphere5" To="Phantom"
      Matrix="
        0.449016	0	0.893524	129.968
        -0.434913	-0.873548	0.218554	31.7899
        0.780535	-0.486739	-0.392237	-57.0532
        0	0	0	1"
       Error="0.277984" Date="012317_142410" />
  </CoordinateDefinitions> 
    
</PlusConfiguration>
