<PlusConfiguration version="2.1">

  <DataCollection StartupDelaySec="1.0" >
    <DeviceSet 
      Name="PlusServer: HoloLens - Replay fCal 2d phantom scan with Ultrasonix US (L14-5 probe) + Ascension3DG tracker (Probe, Reference, Stylus)"
      Description="Free-hand probe motion, imaging 3 NWires, after spatial calibration. OpenIGTLink broadcasting through PlusServer of image and tool tracking data." />

    <Device
      Id="TrackedVideoDevice"
      Type="SavedDataSource"
      SequenceFile="fCal_Test_Calibration_3NWires.mha"
      UseData="IMAGE_AND_TRANSFORM"
      UseOriginalTimestamps="TRUE"
      RepeatEnabled="TRUE" >
      <DataSources>
        <DataSource Type="Video" Id="Video" />
      </DataSources>
      <OutputChannels>
        <OutputChannel Id="TrackedVideoStream" VideoDataSourceId="Video" />
      </OutputChannels>
    </Device>
  </DataCollection>

  <PlusOpenIGTLinkServer 
    MaxNumberOfIgtlMessagesToSend="1" 
    MaxTimeSpentWithProcessingMs="50" 
    DefaultClientSendTimeoutSec="0"
    ListeningPort="18944" 
    SendValidTransformsOnly="true" 
    OutputChannelId="TrackedVideoStream" > 
    <DefaultClientInfo> 
      <MessageTypes> 
        <Message Type="TRACKEDFRAME" />
      </MessageTypes>
      <TransformNames>
        <Transform Name="ImageToReference"/>
        <Transform Name="StylusToReference"/>
        <Transform Name="ProbeToReference"/>
        <Transform Name="PhantomToReference"/>
        <Transform Name="RedSphere1ToPhantom"/>
        <Transform Name="RedSphere2ToPhantom"/>
        <Transform Name="RedSphere3ToPhantom"/>
        <Transform Name="RedSphere4ToPhantom"/>
        <Transform Name="RedSphere5ToPhantom"/>
      </TransformNames>
      <ImageNames>
        <Image Name="Image" EmbeddedTransformToFrame="Reference" />
      </ImageNames>
    </DefaultClientInfo>
  </PlusOpenIGTLinkServer>

  <CoordinateDefinitions>
    <Transform From="Image" To="Probe"
      Matrix="
        1     0    0     0
        0     1    0     0
        0     0    1     0
        0     0    0     1"
      Error="0.0" Date="012712_152030" />

    <!-- Green -->
    <Transform From="RedSphere1" To="Phantom"
      Matrix="
        0.906871	0	0.421407	39.5318
        0.42087	-0.0504774	-0.905715	-84.9642
        0.0212715	0.998725	-0.0457765	-4.29425
        0	0	0	1"
       Error="0.222529" Date="012317_155923" />

    <!-- Hub -->
    <Transform From="RedSphere2" To="Phantom"
      Matrix="
        0.785282	0	-0.619138	-22.9191
        0.615328	-0.110769	0.780449	28.8904
        -0.0685817	-0.993846	-0.0869853	-3.21999
        0	0	0	1"
       Error="0.363148" Date="012317_160305" />

    <!-- Yellow -->
    <Transform From="RedSphere3" To="Phantom"
      Matrix="
        0.432885	0	-0.901449	-100.26
        0.551141	-0.791326	0.264663	29.4362
        -0.71334	-0.611395	-0.342553	-38.0992
        0	0	0	1"
       Error="0.295251" Date="012317_160043" />

    <!-- Blue -->
    <Transform From="RedSphere4" To="Phantom"
      Matrix="
        0.976373	0	-0.216092	-22.8044
        0.168651	0.625204	0.762021	80.4171
        0.135102	-0.780461	0.610433	64.4198
        0	0	0	1"
       Error="0.268402" Date="012317_160137" />

     <!-- Teal -->
     <Transform From="RedSphere5" To="Phantom"
      Matrix="
        0.970686	0	-0.240353	-27.612
        0.215177	-0.445553	0.869012	99.8331
        -0.10709	-0.895255	-0.432492	-49.6852
        0	0	0	1"
       Error="0.391988" Date="012317_160214" />
  </CoordinateDefinitions> 
    
</PlusConfiguration>
