<PlusConfiguration version="2.0">

  <DataCollection StartupDelaySec="1.0" >
    <DeviceSet 
      Name="PlusServer: Philips IE33 3D Probe + NDI Aurora (Reference, Probe, Stylus) - 14cm"
      Description="Broadcasting acquired 3D ultrasound video acquired on the Philips IE33 system through OpenIGTLink with NDI Aurora tracking" />
     <Device
      Id="TrackerDevice"
      Type="AuroraTracker"
      SerialPort="3"
      LocalTimeOffsetSec="0.0"
      ToolReferenceFrame="Tracker"
      BaudRate="115200">
      <DataSources>
        <DataSource Type="Tool" Id="Reference" BufferSize="500" PortName="0" AveragedItemsForFiltering="20" />
        <DataSource Type="Tool" Id="Probe" BufferSize="500" PortName="1" AveragedItemsForFiltering="20" />
        <DataSource Type="Tool" Id="Stylus" BufferSize="500" PortName="2" AveragedItemsForFiltering="20" />
      </DataSources>
      <OutputChannels>
        <OutputChannel Id="TrackerStream">
          <DataSource Id="Reference" />
          <DataSource Id="Probe" />
          <DataSource Id="Stylus" />
        </OutputChannel>
      </OutputChannels>
    </Device>

    <Device
      Id="VideoDevice" 
      Type="iE33Video" 
      IPAddress="129.100.44.8"
      Port="4013" >
      <DataSources>
        <DataSource Type="Video" Id="Video" PortUsImageOrientation="AMF"  />
      </DataSources>      
      <OutputChannels>
        <OutputChannel Id="VideoStream" VideoDataSourceId="Video" />
      </OutputChannels>
    </Device>

    <Device 
      Id="TrackedVideoDevice" 
      Type="VirtualMixer" >
      <InputChannels>
        <InputChannel Id="TrackerStream" />
        <InputChannel Id="VideoStream" />
      </InputChannels>
      <OutputChannels>
        <OutputChannel Id="TrackedVideoStream"/>
      </OutputChannels>
    </Device>

    <Device
      Id="CaptureDevice"
      Type="VirtualCapture"
      BaseFilename="ie33Philips3DCapture.nrrd"
      EnableCapturing="FALSE" >
      <InputChannels>
        <InputChannel Id="TrackedVideoStream" />
      </InputChannels>
    </Device>
  </DataCollection>

  <CoordinateDefinitions>
    <Transform From="Image" To="Probe"
      Matrix="-0.608191 0.247845 -0.754106 60.7051 
              -0.772201 -0.404787 0.489748 26.1055 
              -0.183871 0.880182 0.437575 31.107 
              0 0 0 1"
       Error="2.18105" Date="102515_113411" />

    <!-- stylus tip for 3d printed neochord with jaw shut-->
    <Transform From="StylusTip" To="Stylus"
      Matrix="
        0.994215	0	0.107408	1.15469
        0.0246084	0.9734	-0.227785	-2.4488
        -0.104551	0.22911	0.967769	10.404
        0	0	0	1"
       Error="0.222242" Date="102515_140600" /> 
    <!-- stylus tip for 3d printed ball stylus 
    <Transform From="StylusTip" To="Stylus"
      Matrix="
        0.999723	0	0.0235241	1.87003
        -0.000271716	0.999933	0.0115473	0.917947
        -0.0235225	-0.0115505	0.999657	79.4668
        0	0	0	1"
      Error="0.179735" Date="102515_141453" />-->
    <Transform From="Reference" To="Ras"
      Matrix="
        1 0 0 0 
        0 0 1 0 
        0 -1 0 0 
        0 0 0 1"
       Error="0.287287" Date="082315_112217" />
  </CoordinateDefinitions>
  
  <PlusOpenIGTLinkServer 
    MaxNumberOfIgtlMessagesToSend="1" 
    MaxTimeSpentWithProcessingMs="50" 
    ListeningPort="18944" 
    SendValidTransformsOnly="true" 
    OutputChannelId="TrackedVideoStream" > 
    <DefaultClientInfo> 
      <MessageTypes> 
        <Message Type="IMAGE" />
        <Message Type="TRANSFORM" />
      </MessageTypes>
      <ImageNames>
        <Image Name="Image" EmbeddedTransformToFrame="Ras" />
      </ImageNames>
      <TransformNames>
        <Transform Name="StylusTipToRas" />
        <Transform Name="ProbeToRas" />
      </TransformNames>
    </DefaultClientInfo>
  </PlusOpenIGTLinkServer>

</PlusConfiguration>
