ObjectType = Image
NDims = 3
AnatomicalOrientation = RAI
BinaryData = True
BinaryDataByteOrderMSB = False
CenterOfRotation = 0 0 0
CompressedData = True
CompressedDataSize = 11               
DimSize = 1 1 15                              
ElementSpacing = 1 1 1
ElementType = MET_UCHAR
Offset = 0 0 0
TransformMatrix = 1 0 0 0 1 0 0 0 1
UltrasoundImageOrientation = MF
Seq_Frame0000_ProbeToTrackerTransform = 0.0538236 -0.998486 0.0113817 172.381 0.0114163 0.0120128 0.999863 55.7702 -0.998485 -0.0536863 0.0120456 65.5216 0 0 0 1
Seq_Frame0000_ProbeToTrackerTransformStatus = OK
Seq_Frame0000_ReferenceToTrackerTransform = 0.0196442 -0.0577379 0.998138 134.169 0.0179155 0.998191 0.0573884 -70.7678 -0.999647 0.0167548 0.020643 39.9604 0 0 0 1
Seq_Frame0000_ReferenceToTrackerTransformStatus = OK
Seq_Frame0000_StylusToTrackerTransform = 0.0474155 -0.492844 -0.868825 226.479 -0.887756 0.37791 -0.262819 -15.627 0.457866 0.783766 -0.419607 115.416 0 0 0 1
Seq_Frame0000_StylusToTrackerTransformStatus = OK
Seq_Frame0000_Timestamp = 692.532329
Seq_Frame0001_ProbeToTrackerTransform = 0.0530409 -0.998542 0.0100135 172.945 0.00665809 0.010381 0.999924 54.1159 -0.99857 -0.0529702 0.00719901 65.5216 0 0 0 1
Seq_Frame0001_ProbeToTrackerTransformStatus = OK
Seq_Frame0001_ReferenceToTrackerTransform = 0.0196442 -0.0577379 0.998138 134.169 0.0179155 0.998191 0.0573884 -70.7678 -0.999647 0.0167548 0.020643 39.9604 0 0 0 1
Seq_Frame0001_ReferenceToTrackerTransformStatus = OK
Seq_Frame0001_StylusToTrackerTransform = 0.0476753 -0.492345 -0.869094 226.479 -0.88758 0.378227 -0.262957 -15.5593 0.45818 0.783926 -0.418963 115.416 0 0 0 1
Seq_Frame0001_StylusToTrackerTransformStatus = OK
Seq_Frame0001_Timestamp = 692.617343
Seq_Frame0002_ProbeToTrackerTransform = 0.0519323 -0.998622 0.00760913 173.498 0.0034482 0.00779867 0.999964 52.7517 -0.998645 -0.0519042 0.00384845 65.5216 0 0 0 1
Seq_Frame0002_ProbeToTrackerTransformStatus = OK
Seq_Frame0002_ReferenceToTrackerTransform = 0.0196442 -0.0577379 0.998138 134.169 0.0179155 0.998191 0.0573884 -70.7678 -0.999647 0.0167548 0.020643 39.9604 0 0 0 1
Seq_Frame0002_ReferenceToTrackerTransformStatus = OK
Seq_Frame0002_StylusToTrackerTransform = 0.0472762 -0.493619 -0.868392 226.479 -0.887531 0.378132 -0.263259 -15.627 0.458316 0.783171 -0.420226 115.416 0 0 0 1
Seq_Frame0002_StylusToTrackerTransformStatus = OK
Seq_Frame0002_Timestamp = 692.701171
Seq_Frame0003_ProbeToTrackerTransform = 0.051186 -0.998676 0.00507351 174.241 6.53122e-005 0.00508351 0.999987 49.6054 -0.998689 -0.051185 0.00032543 65.41 0 0 0 1
Seq_Frame0003_ProbeToTrackerTransformStatus = OK
Seq_Frame0003_ReferenceToTrackerTransform = 0.0197051 -0.057739 0.998137 134.169 0.017919 0.998191 0.0573883 -70.7678 -0.999645 0.0167547 0.020704 39.9604 0 0 0 1
Seq_Frame0003_ReferenceToTrackerTransformStatus = OK
Seq_Frame0003_StylusToTrackerTransform = 0.0451153 -0.505736 -0.861508 226.256 -0.887319 0.375904 -0.267136 -15.6942 0.458945 0.776484 -0.43179 115.461 0 0 0 1
Seq_Frame0003_StylusToTrackerTransformStatus = OK
Seq_Frame0003_Timestamp = 692.869814
Seq_Frame0004_ProbeToTrackerTransform = 0.0518209 -0.99864 0.00575586 174.464 0.000411072 0.00578493 0.999983 47.5109 -0.998656 -0.0518177 0.000710293 65.41 0 0 0 1
Seq_Frame0004_ProbeToTrackerTransformStatus = OK
Seq_Frame0004_ReferenceToTrackerTransform = 0.019729 -0.0577389 0.998137 134.169 0.017919 0.998191 0.0573879 -70.7678 -0.999645 0.0167534 0.020728 39.9604 0 0 0 1
Seq_Frame0004_ReferenceToTrackerTransformStatus = OK
Seq_Frame0004_StylusToTrackerTransform = 0.0450954 -0.515159 -0.855907 226.144 -0.886587 0.374189 -0.271931 -15.5153 0.460359 0.771099 -0.439859 115.639 0 0 0 1
Seq_Frame0004_StylusToTrackerTransformStatus = OK
Seq_Frame0004_Timestamp = 692.953514
Seq_Frame0005_ProbeToTrackerTransform = 0.0526032 -0.998578 0.00861928 174.575 -0.000251107 0.008618 0.999963 44.649 -0.998615 -0.0526034 0.000202585 65.3654 0 0 0 1
Seq_Frame0005_ProbeToTrackerTransformStatus = OK
Seq_Frame0005_ReferenceToTrackerTransform = 0.019705 -0.0577998 0.998134 134.169 0.0179202 0.998188 0.0574491 -70.7678 -0.999645 0.0167547 0.0207051 39.9604 0 0 0 1
Seq_Frame0005_ReferenceToTrackerTransformStatus = OK
Seq_Frame0005_StylusToTrackerTransform = 0.043644 -0.518649 -0.853872 225.988 -0.886819 0.373462 -0.272172 -15.6715 0.460051 0.769109 -0.443649 115.416 0 0 0 1
Seq_Frame0005_StylusToTrackerTransformStatus = OK
Seq_Frame0005_Timestamp = 693.037414
Seq_Frame0006_ProbeToTrackerTransform = 0.0533272 -0.9985 0.0124109 174.416 -0.00231926 0.0123047 0.999922 41.3148 -0.998574 -0.0533518 -0.00165961 65.2504 0 0 0 1
Seq_Frame0006_ProbeToTrackerTransformStatus = OK
Seq_Frame0006_ReferenceToTrackerTransform = 0.019705 -0.0577998 0.998134 134.169 0.0179202 0.998188 0.0574491 -70.7678 -0.999645 0.0167547 0.0207051 39.9604 0 0 0 1
Seq_Frame0006_ReferenceToTrackerTransformStatus = OK
Seq_Frame0006_StylusToTrackerTransform = 0.0432939 -0.522944 -0.851267 226.081 -0.887093 0.371817 -0.273528 -15.8022 0.459555 0.766995 -0.447803 115.193 0 0 0 1
Seq_Frame0006_StylusToTrackerTransformStatus = OK
Seq_Frame0006_Timestamp = 693.122071
Seq_Frame0007_ProbeToTrackerTransform = 0.054417 -0.998359 0.0178196 173.984 -0.00497215 0.0175749 0.999833 37.3186 -0.998506 -0.0544965 -0.00400762 65.0751 0 0 0 1
Seq_Frame0007_ProbeToTrackerTransformStatus = OK
Seq_Frame0007_ReferenceToTrackerTransform = 0.019705 -0.0577818 0.998135 134.169 0.0179198 0.998189 0.0574311 -70.7678 -0.999645 0.0167547 0.0207048 39.9604 0 0 0 1
Seq_Frame0007_ReferenceToTrackerTransformStatus = OK
Seq_Frame0007_StylusToTrackerTransform = 0.0416152 -0.526875 -0.848923 225.921 -0.887693 0.370452 -0.273433 -16.0734 0.45855 0.764963 -0.452287 115.305 0 0 0 1
Seq_Frame0007_StylusToTrackerTransformStatus = OK
Seq_Frame0007_Timestamp = 693.205543
Seq_Frame0008_ProbeToTrackerTransform = 0.0558091 -0.998017 0.0291099 173.124 -0.010475 0.0285684 0.999537 28.2153 -0.998387 -0.0560882 -0.00885987 64.8519 0 0 0 1
Seq_Frame0008_ProbeToTrackerTransformStatus = OK
Seq_Frame0008_ReferenceToTrackerTransform = 0.0197051 -0.057739 0.998137 134.169 0.017919 0.998191 0.0573883 -70.7678 -0.999645 0.0167547 0.020704 39.9604 0 0 0 1
Seq_Frame0008_ReferenceToTrackerTransformStatus = OK
Seq_Frame0008_StylusToTrackerTransform = 0.0407396 -0.528979 -0.847656 225.921 -0.887443 0.370661 -0.273963 -16.0734 0.459114 0.763407 -0.454338 115.305 0 0 0 1
Seq_Frame0008_StylusToTrackerTransformStatus = OK
Seq_Frame0008_Timestamp = 693.373857
Seq_Frame0009_ProbeToTrackerTransform = 0.0543165 -0.997973 0.0331644 173.124 -0.0140214 0.0324479 0.999375 23.168 -0.998425 -0.0547476 -0.0122306 64.7402 0 0 0 1
Seq_Frame0009_ProbeToTrackerTransformStatus = OK
Seq_Frame0009_ReferenceToTrackerTransform = 0.0197062 -0.0576781 0.998141 134.169 0.017919 0.998195 0.0573275 -70.7678 -0.999645 0.016756 0.0207041 39.9604 0 0 0 1
Seq_Frame0009_ReferenceToTrackerTransformStatus = OK
Seq_Frame0009_StylusToTrackerTransform = 0.0406351 -0.530661 -0.846609 225.921 -0.887352 0.370323 -0.274712 -16.0734 0.459298 0.762404 -0.455835 115.305 0 0 0 1
Seq_Frame0009_StylusToTrackerTransformStatus = OK
Seq_Frame0009_Timestamp = 693.457500
Seq_Frame0010_ProbeToTrackerTransform = 0.0518144 -0.997997 0.0362857 173.386 -0.0216649 0.0352026 0.999145 17.4673 -0.998422 -0.0525562 -0.0197975 64.6286 0 0 0 1
Seq_Frame0010_ProbeToTrackerTransformStatus = OK
Seq_Frame0010_ReferenceToTrackerTransform = 0.019644 -0.0576771 0.998142 134.169 0.0179367 0.998194 0.0573271 -70.8794 -0.999646 0.0167772 0.0206431 39.9604 0 0 0 1
Seq_Frame0010_ReferenceToTrackerTransformStatus = OK
Seq_Frame0010_StylusToTrackerTransform = 0.0401404 -0.533739 -0.844696 225.882 -0.886863 0.370397 -0.276188 -16.0734 0.460286 0.760216 -0.458486 115.193 0 0 0 1
Seq_Frame0010_StylusToTrackerTransformStatus = OK
Seq_Frame0010_Timestamp = 693.541343
Seq_Frame0011_ProbeToTrackerTransform = 0.050073 -0.997933 0.0402716 173.839 -0.0288708 0.038859 0.998828 11.3648 -0.998328 -0.0511769 -0.0268654 64.4725 0 0 0 1
Seq_Frame0011_ProbeToTrackerTransformStatus = OK
Seq_Frame0011_ReferenceToTrackerTransform = 0.0196417 -0.0576771 0.998142 134.169 0.0179764 0.998194 0.0573263 -70.8794 -0.999645 0.016817 0.0206431 39.9604 0 0 0 1
Seq_Frame0011_ReferenceToTrackerTransformStatus = OK
Seq_Frame0011_StylusToTrackerTransform = 0.0404023 -0.536605 -0.842866 225.809 -0.886729 0.369536 -0.277768 -15.9618 0.460521 0.758616 -0.460893 115.416 0 0 0 1
Seq_Frame0011_StylusToTrackerTransformStatus = OK
Seq_Frame0011_Timestamp = 693.626043
Seq_Frame0012_ProbeToTrackerTransform = 0.0477507 -0.997922 0.0432711 174.274 -0.0372025 0.0415136 0.998445 5.70344 -0.998166 -0.0492862 -0.0351428 64.2602 0 0 0 1
Seq_Frame0012_ProbeToTrackerTransformStatus = OK
Seq_Frame0012_ReferenceToTrackerTransform = 0.0196418 -0.0576162 0.998146 134.169 0.0179752 0.998197 0.0572655 -70.8794 -0.999645 0.0168171 0.0206421 39.9604 0 0 0 1
Seq_Frame0012_ReferenceToTrackerTransformStatus = OK
Seq_Frame0012_StylusToTrackerTransform = 0.0408538 -0.536628 -0.842829 225.843 -0.886643 0.369424 -0.278189 -15.8502 0.460646 0.758654 -0.460705 115.305 0 0 0 1
Seq_Frame0012_StylusToTrackerTransformStatus = OK
Seq_Frame0012_Timestamp = 693.709757
Seq_Frame0013_ProbeToTrackerTransform = 0.0471131 -0.997655 0.0496393 174.464 -0.0419294 0.0476755 0.997982 -0.293805 -0.998009 -0.0490994 -0.0395849 63.9589 0 0 0 1
Seq_Frame0013_ProbeToTrackerTransformStatus = OK
Seq_Frame0013_ReferenceToTrackerTransform = 0.0196418 -0.0576167 0.998146 134.169 0.0179988 0.998197 0.0572654 -70.8794 -0.999645 0.0168406 0.0206434 39.9604 0 0 0 1
Seq_Frame0013_ReferenceToTrackerTransformStatus = OK
Seq_Frame0013_StylusToTrackerTransform = 0.0407756 -0.536981 -0.842608 225.809 -0.88649 0.369602 -0.278441 -15.8502 0.460948 0.758317 -0.460958 115.305 0 0 0 1
Seq_Frame0013_StylusToTrackerTransformStatus = OK
Seq_Frame0013_Timestamp = 693.793671
Seq_Frame0014_ProbeToTrackerTransform = 0.0451021 -0.997006 0.062815 174.199 -0.0541862 0.0603448 0.996706 -11.7676 -0.997512 -0.0483572 -0.0513023 63.8473 0 0 0 1
Seq_Frame0014_ProbeToTrackerTransformStatus = OK
Seq_Frame0014_ReferenceToTrackerTransform = 0.0195174 -0.0575556 0.998152 134.169 0.0180938 0.998199 0.0572045 -70.8794 -0.999646 0.0169438 0.0205237 39.9604 0 0 0 1
Seq_Frame0014_ReferenceToTrackerTransformStatus = OK
Seq_Frame0014_StylusToTrackerTransform = 0.0373297 -0.540213 -0.8407 225.586 -0.887203 0.369232 -0.276654 -16.1851 0.459866 0.756199 -0.465496 115.487 0 0 0 1
Seq_Frame0014_StylusToTrackerTransformStatus = OK
Seq_Frame0014_Timestamp = 693.962414
ElementDataFile = LOCAL
xœc`@   