ObjectType = Image
NDims = 3
AnatomicalOrientation = RAI
BinaryData = True
BinaryDataByteOrderMSB = False
CenterOfRotation = 0 0 0
CompressedData = False
DimSize = 0 0 1000                              
ElementNumberOfChannels = 1
ElementSpacing = 1 1 1
ElementType = MET_OTHER
Offset = 0 0 0
TransformMatrix = 1 0 0 0 1 0 0 0 1
UltrasoundImageOrientation = XX
UltrasoundImageType = XX
Seq_Frame0000_ReferenceToTrackerTransform = 0.6278287152239833 0.7486140494416478 0.2135030864657288 359.30830078125 -0.2364147071611762 -0.07788199968763754 0.9686595230591314 -154.7068359375 0.7416904458513711 -0.6584742182096965 0.1281416667586436 9.48779296875 -0 0 -0 1 
Seq_Frame0000_ReferenceToTrackerTransformStatus = OK
Seq_Frame0000_StylusToTrackerTransform = 0.6839311099507384 0.3606821426434717 -0.6342950669272663 315.55283203125 0.5270621377504353 0.3570516157330754 0.7713825925993154 9.82265625 0.5046740226288615 -0.8617411412031651 0.0542060719254538 -36.05361328125 -0 0 -0 1 
Seq_Frame0000_StylusToTrackerTransformStatus = OK
Seq_Frame0000_Timestamp = 280.4611428572264
Seq_Frame0000_ImageStatus = INVALID
Seq_Frame0001_ReferenceToTrackerTransform = 0.6279809125412228 0.7486586106486391 0.2134494595456362 359.30830078125 -0.2363700741038474 -0.07778232556134393 0.9686882421628982 -154.7068359375 0.7416979443816069 -0.658588564466188 0.1282173203960936 9.48779296875 -0 0 -0 1 
Seq_Frame0001_ReferenceToTrackerTransformStatus = OK
Seq_Frame0001_StylusToTrackerTransform = 0.683995122193516 0.3607255069321834 -0.6342013817120796 315.55283203125 0.5270354816071324 0.3570335578640808 0.7713435799602793 9.82265625 0.5046150948114058 -0.8617810611118955 0.05411982802867288 -36.05361328125 -0 0 -0 1 
Seq_Frame0001_StylusToTrackerTransformStatus = OK
Seq_Frame0001_Timestamp = 280.5276571429801
Seq_Frame0001_ImageStatus = INVALID
Seq_Frame0002_ReferenceToTrackerTransform = 0.6281105790759511 0.7484844911182427 0.2136254927102723 359.30830078125 -0.2365416899234119 -0.07774245407236796 0.9685899054575073 -154.7068359375 0.741474222797775 -0.6586857164938982 0.1283418273790839 9.48779296875 -0 0 -0 1 
Seq_Frame0002_ReferenceToTrackerTransformStatus = OK
Seq_Frame0002_StylusToTrackerTransform = 0.683995122193516 0.3607255069321834 -0.6342013817120796 315.55283203125 0.5270354816071324 0.3570335578640808 0.7713435799602793 9.82265625 0.5046150948114058 -0.8617810611118955 0.05411982802867288 -36.05361328125 -0 0 -0 1 
Seq_Frame0002_StylusToTrackerTransformStatus = OK
Seq_Frame0002_Timestamp = 280.5940571429608
Seq_Frame0002_ImageStatus = INVALID
Seq_Frame0003_ReferenceToTrackerTransform = 0.6276925564470738 0.7486893414533384 0.2135702724097649 359.30830078125 -0.2363084305522485 -0.07799885064679801 0.9686662428409165 -154.7068359375 0.7418207928449454 -0.6583435941597203 0.128101010849943 9.599414062499999 -0 0 -0 1 
Seq_Frame0003_ReferenceToTrackerTransformStatus = OK
Seq_Frame0003_StylusToTrackerTransform = 0.6839436573136213 0.3607956529499624 -0.634147541340126 315.55283203125 0.5269841363386483 0.3570806767699307 0.7713837404474019 9.82265625 0.5047438518209545 -0.8616304712355928 0.05417844377282209 -36.05361328125 -0 0 -0 1 
Seq_Frame0003_StylusToTrackerTransformStatus = OK
Seq_Frame0003_Timestamp = 280.6605285715777
Seq_Frame0003_ImageStatus = INVALID
Seq_Frame0004_ReferenceToTrackerTransform = 0.6278481028394063 0.7485747818116855 0.21358380613874 359.30830078125 -0.2365169919618373 -0.07778288259150899 0.9686127052167625 -154.7068359375 0.7417245842571175 -0.6585305819127479 0.1282389679856247 9.48779296875 -0 0 -0 1 
Seq_Frame0004_ReferenceToTrackerTransformStatus = OK
Seq_Frame0004_StylusToTrackerTransform = 0.6840619584828516 0.3607673589953871 -0.6341581368401419 315.55283203125 0.5269751611399741 0.3570068334534903 0.7714805632578358 9.82265625 0.5047149983692421 -0.8617235014381731 0.05410482751534322 -36.05361328125 -0 0 -0 1 
Seq_Frame0004_StylusToTrackerTransformStatus = OK
Seq_Frame0004_Timestamp = 280.7269714286817
Seq_Frame0004_ImageStatus = INVALID
Seq_Frame0005_ReferenceToTrackerTransform = 0.6278697156734836 0.7485818895823431 0.21349529467278 359.30830078125 -0.2365192377074547 -0.07778362114549715 0.9686219022631125 -154.7068359375 0.7417055711771321 -0.6585368347073397 0.1283168326273423 9.48779296875 -0 0 -0 1 
Seq_Frame0005_ReferenceToTrackerTransformStatus = OK
Seq_Frame0005_StylusToTrackerTransform = 0.683971915790219 0.3607097860461643 -0.6342353454788882 315.55283203125 0.527012512716452 0.3570179978779963 0.7713099638054216 9.82265625 0.504670535412288 -0.86174350357417 0.0542009682043387 -36.05361328125 -0 0 -0 1 
Seq_Frame0005_StylusToTrackerTransformStatus = OK
Seq_Frame0005_Timestamp = 280.7933000001058
Seq_Frame0005_ImageStatus = INVALID
Seq_Frame0006_ReferenceToTrackerTransform = 0.6279019283452997 0.748583090664474 0.2135184730932535 359.30830078125 -0.2363618679944751 -0.07777447936828455 0.9686810719598811 -154.7068359375 0.7417674261019379 -0.6585221301832553 0.1281566097696378 9.48779296875 -0 0 -0 1 
Seq_Frame0006_ReferenceToTrackerTransformStatus = OK
Seq_Frame0006_StylusToTrackerTransform = 0.683966867991557 0.3608113803391077 -0.6341135662385438 315.55283203125 0.5270071080250248 0.357096242220107 0.7714173657202319 9.82265625 0.5046884214763705 -0.8616680304401168 0.05409730647932296 -36.05361328125 -0 0 -0 1 
Seq_Frame0006_StylusToTrackerTransformStatus = OK
Seq_Frame0006_Timestamp = 280.8598000001362
Seq_Frame0006_ImageStatus = INVALID
Seq_Frame0007_ReferenceToTrackerTransform = 0.6278276812491054 0.7487753859666489 0.2134214218379267 359.30830078125 -0.2364414963920585 -0.07774421175201549 0.9686738634315579 -154.7068359375 0.7417861254628695 -0.658443588052378 0.1282504928062793 9.48779296875 -0 0 -0 1 
Seq_Frame0007_ReferenceToTrackerTransformStatus = OK
Seq_Frame0007_StylusToTrackerTransform = 0.6840090080582748 0.3607394334769523 -0.634109049265284 315.55283203125 0.5270395776017429 0.3570408060439844 0.7714208461183711 9.82265625 0.5047195159704871 -0.8617211189009628 0.05410063948302676 -36.05361328125 -0 0 -0 1 
Seq_Frame0007_StylusToTrackerTransformStatus = OK
Seq_Frame0007_Timestamp = 280.9261857143936
Seq_Frame0007_ImageStatus = INVALID
Seq_Frame0008_ReferenceToTrackerTransform = 0.6279248192387111 0.7486260191206849 0.2136066683327391 359.30830078125 -0.2364352580254398 -0.07786786301818907 0.9686258380614009 -154.7068359375 0.7416857177183479 -0.6586010715916715 0.1282238040164719 9.48779296875 -0 0 -0 1 
Seq_Frame0008_ReferenceToTrackerTransformStatus = OK
Seq_Frame0008_StylusToTrackerTransform = 0.6839436573136213 0.3607956529499624 -0.634147541340126 315.55283203125 0.5269841363386483 0.3570806767699307 0.7713837404474019 9.82265625 0.5047438518209545 -0.8616304712355928 0.05417844377282209 -36.05361328125 -0 0 -0 1 
Seq_Frame0008_StylusToTrackerTransformStatus = OK
Seq_Frame0008_Timestamp = 280.9926428572874
Seq_Frame0008_ImageStatus = INVALID
Seq_Frame0009_ReferenceToTrackerTransform = 0.6278440381054659 0.7487948938854622 0.2134269821272314 359.30830078125 -0.2363672561442528 -0.07765566951046546 0.9686991003870434 -154.7068359375 0.7417959547240136 -0.6584318652357091 0.1282538341289888 9.48779296875 -0 0 -0 1 
Seq_Frame0009_ReferenceToTrackerTransformStatus = OK
Seq_Frame0009_StylusToTrackerTransform = 0.6839436573136213 0.3607956529499624 -0.634147541340126 315.55283203125 0.5269841363386483 0.3570806767699307 0.7713837404474019 9.82265625 0.5047438518209545 -0.8616304712355928 0.05417844377282209 -36.05361328125 -0 0 -0 1 
Seq_Frame0009_StylusToTrackerTransformStatus = OK
Seq_Frame0009_Timestamp = 281.0590714287545
Seq_Frame0009_ImageStatus = INVALID
Seq_Frame0010_ReferenceToTrackerTransform = 0.6279457492514922 0.7486940739329153 0.2134285003240547 359.30830078125 -0.2365408886007352 -0.07762507090446139 0.9686391293075177 -154.7068359375 0.7416342962200531 -0.658581217579173 0.1283788745360026 9.48779296875 -0 0 -0 1 
Seq_Frame0010_ReferenceToTrackerTransformStatus = OK
Seq_Frame0010_StylusToTrackerTransform = 0.683971915790219 0.3607097860461643 -0.6342353454788882 315.55283203125 0.527012512716452 0.3570179978779963 0.7713099638054216 9.82265625 0.504670535412288 -0.86174350357417 0.0542009682043387 -36.05361328125 -0 0 -0 1 
Seq_Frame0010_StylusToTrackerTransformStatus = OK
Seq_Frame0010_Timestamp = 281.1253857144487
Seq_Frame0010_ImageStatus = INVALID
Seq_Frame0011_ReferenceToTrackerTransform = 0.6279615872790717 0.7486757704597918 0.2134461187876528 359.30830078125 -0.2364577770863813 -0.07770444994930548 0.9686730809486918 -154.7068359375 0.7416863358568806 -0.65857825670992 0.1282153136304751 9.48779296875 -0 0 -0 1 
Seq_Frame0011_ReferenceToTrackerTransformStatus = OK
Seq_Frame0011_StylusToTrackerTransform = 0.6838931183538424 0.3607562667829545 -0.6343034318751505 315.55283203125 0.5271380648308262 0.357164234416113 0.7712785699735671 9.934277343749999 0.5046895878786365 -0.8616634460549763 0.05415946152075512 -36.05361328125 -0 0 -0 1 
Seq_Frame0011_StylusToTrackerTransformStatus = OK
Seq_Frame0011_Timestamp = 281.1918714287491
Seq_Frame0011_ImageStatus = INVALID
Seq_Frame0012_ReferenceToTrackerTransform = 0.6277529412962847 0.7486989847757253 0.2136649251864223 359.30830078125 -0.2364909264140666 -0.07799540389413831 0.9685921494417225 -154.7068359375 0.7417946853342122 -0.6584718639471348 0.1281778115612611 9.48779296875 -0 0 -0 1 
Seq_Frame0012_ReferenceToTrackerTransformStatus = OK
Seq_Frame0012_StylusToTrackerTransform = 0.6839436573136213 0.3607956529499624 -0.634147541340126 315.55283203125 0.5269841363386483 0.3570806767699307 0.7713837404474019 9.82265625 0.5047438518209545 -0.8616304712355928 0.05417844377282209 -36.05361328125 -0 0 -0 1 
Seq_Frame0012_StylusToTrackerTransformStatus = OK
Seq_Frame0012_Timestamp = 281.2582428573631
Seq_Frame0012_ImageStatus = INVALID
Seq_Frame0013_ReferenceToTrackerTransform = 0.6277909226839925 0.7487256334282828 0.2135819692788128 359.30830078125 -0.2364189496357784 -0.07790761906327781 0.9686266248132472 -154.7068359375 0.7417855048703632 -0.6584664110616353 0.1282590114939418 9.599414062499999 -0 0 -0 1 
Seq_Frame0013_ReferenceToTrackerTransformStatus = OK
Seq_Frame0013_StylusToTrackerTransform = 0.6839436573136213 0.3607956529499624 -0.634147541340126 315.55283203125 0.5269841363386483 0.3570806767699307 0.7713837404474019 9.82265625 0.5047438518209545 -0.8616304712355928 0.05417844377282209 -36.05361328125 -0 0 -0 1 
Seq_Frame0013_StylusToTrackerTransformStatus = OK
Seq_Frame0013_Timestamp = 281.3246857145202
Seq_Frame0013_ImageStatus = INVALID
Seq_Frame0014_ReferenceToTrackerTransform = 0.6278254040725653 0.7487511186900488 0.2135133015773112 359.30830078125 -0.2363515362544096 -0.07782133221863677 0.9686798265876363 -154.7068359375 0.7418167361215063 -0.6584476414309531 0.1281746404430114 9.48779296875 -0 0 -0 1 
Seq_Frame0014_ReferenceToTrackerTransformStatus = OK
Seq_Frame0014_StylusToTrackerTransform = 0.6839418004947447 0.3606939039879446 -0.634207420085479 315.55283203125 0.5269827056446408 0.3570022783692746 0.7713376033883511 9.82265625 0.504742481506453 -0.861705560992561 0.05413425383371161 -36.05361328125 -0 0 -0 1 
Seq_Frame0014_StylusToTrackerTransformStatus = OK
Seq_Frame0014_Timestamp = 281.3911000002508
Seq_Frame0014_ImageStatus = INVALID
Seq_Frame0015_ReferenceToTrackerTransform = 0.6278768352321354 0.7486714270564151 0.2135194504357291 359.30830078125 -0.2364328271951282 -0.07790360575894949 0.9686533610549385 -154.7068359375 0.7417472928057001 -0.6584064347081671 0.1281609984647461 9.48779296875 -0 0 -0 1 
Seq_Frame0015_ReferenceToTrackerTransformStatus = OK
Seq_Frame0015_StylusToTrackerTransform = 0.6839436573136213 0.3607956529499624 -0.634147541340126 315.55283203125 0.5269841363386483 0.3570806767699307 0.7713837404474019 9.82265625 0.5047438518209545 -0.8616304712355928 0.05417844377282209 -36.05361328125 -0 0 -0 1 
Seq_Frame0015_StylusToTrackerTransformStatus = OK
Seq_Frame0015_Timestamp = 281.4574000002949
Seq_Frame0015_ImageStatus = INVALID
Seq_Frame0016_ReferenceToTrackerTransform = 0.6278090410865884 0.7487316040224743 0.2135077367894946 359.30830078125 -0.236425772820944 -0.07790986752141327 0.9686545799277915 -154.7068359375 0.7418069132213466 -0.658459356324036 0.1281712998329779 9.48779296875 -0 0 -0 1 
Seq_Frame0016_ReferenceToTrackerTransformStatus = OK
Seq_Frame0016_StylusToTrackerTransform = 0.6839616846991525 0.3608924816219928 -0.6342046815797994 315.55283203125 0.5270756674959732 0.357022760465477 0.771348040581411 9.82265625 0.5047893320645676 -0.8616139334720163 0.05413972579092099 -36.05361328125 -0 0 -0 1 
Seq_Frame0016_StylusToTrackerTransformStatus = OK
Seq_Frame0016_Timestamp = 281.5238714288521
Seq_Frame0016_ImageStatus = INVALID
Seq_Frame0017_ReferenceToTrackerTransform = 0.6278768352321354 0.7486714270564151 0.2135194504357291 359.30830078125 -0.2364328271951282 -0.07790360575894949 0.9686533610549385 -154.7068359375 0.7417472928057001 -0.6584064347081671 0.1281609984647461 9.48779296875 -0 0 -0 1 
Seq_Frame0017_ReferenceToTrackerTransformStatus = OK
Seq_Frame0017_StylusToTrackerTransform = 0.683995122193516 0.3607255069321834 -0.6342013817120796 315.55283203125 0.5270354816071324 0.3570335578640808 0.7713435799602793 9.82265625 0.5046150948114058 -0.8617810611118955 0.05411982802867288 -36.05361328125 -0 0 -0 1 
Seq_Frame0017_StylusToTrackerTransformStatus = OK
Seq_Frame0017_Timestamp = 281.5902285717228
Seq_Frame0017_ImageStatus = INVALID
Seq_Frame0018_ReferenceToTrackerTransform = 0.6278868338509056 0.7485993753906428 0.2136896111026945 359.30830078125 -0.2365072515674782 -0.07795563675580085 0.9685913644995929 -154.7068359375 0.7416949039843382 -0.6586065216153156 0.1281425887570227 9.48779296875 -0 0 -0 1 
Seq_Frame0018_ReferenceToTrackerTransformStatus = OK
Seq_Frame0018_StylusToTrackerTransform = 0.6840391301149489 0.3607553195450182 -0.6341369738517945 315.55283203125 0.5270693908198072 0.3570565292336909 0.7713932078400159 9.82265625 0.5046475615070382 -0.8617590669573114 0.05416734471040031 -36.05361328125 -0 0 -0 1 
Seq_Frame0018_StylusToTrackerTransformStatus = OK
Seq_Frame0018_Timestamp = 281.6566571431368
Seq_Frame0018_ImageStatus = INVALID
Seq_Frame0019_ReferenceToTrackerTransform = 0.6277745553346527 0.748706113149223 0.2135764009111006 359.30830078125 -0.2364931780474822 -0.07799614648946883 0.9686013714211141 -154.7068359375 0.7417756760442025 -0.658478133266954 0.1282556676099014 9.48779296875 -0 0 -0 1 
Seq_Frame0019_ReferenceToTrackerTransformStatus = OK
Seq_Frame0019_StylusToTrackerTransform = 0.6839311099507384 0.3606821426434717 -0.6342950669272663 315.55283203125 0.5270621377504353 0.3570516157330754 0.7713825925993154 9.82265625 0.5046740226288615 -0.8617411412031651 0.0542060719254538 -36.05361328125 -0 0 -0 1 
Seq_Frame0019_StylusToTrackerTransformStatus = OK
Seq_Frame0019_Timestamp = 281.7230571431242
Seq_Frame0019_ImageStatus = INVALID
Seq_Frame0020_ReferenceToTrackerTransform = 0.6277529412962847 0.7486989847757253 0.2136649251864223 359.30830078125 -0.2364909264140666 -0.07799540389413831 0.9685921494417225 -154.7068359375 0.7417946853342122 -0.6584718639471348 0.1281778115612611 9.48779296875 -0 0 -0 1 
Seq_Frame0020_ReferenceToTrackerTransformStatus = OK
Seq_Frame0020_StylusToTrackerTransform = 0.683966867991557 0.3608113803391077 -0.6341135662385438 315.55283203125 0.5270071080250248 0.357096242220107 0.7714173657202319 9.82265625 0.5046884214763705 -0.8616680304401168 0.05409730647932296 -36.05361328125 -0 0 -0 1 
Seq_Frame0020_StylusToTrackerTransformStatus = OK
Seq_Frame0020_Timestamp = 281.789342857425
Seq_Frame0020_ImageStatus = INVALID
Seq_Frame0021_ReferenceToTrackerTransform = 0.6277987921269467 0.7487320500883247 0.2137731717129145 359.30830078125 -0.2364190816747062 -0.07809412292010907 0.9685919048336757 -154.7068359375 0.7418821445566937 -0.6584080901519606 0.1281213183478656 9.599414062499999 -0 0 -0 1 
Seq_Frame0021_ReferenceToTrackerTransformStatus = OK
Seq_Frame0021_StylusToTrackerTransform = 0.6839650045637559 0.3607096234895822 -0.6341734565971365 315.55283203125 0.5270056722249261 0.3570178369851464 0.7713712192675927 9.82265625 0.5046870464822305 -0.8617431152229692 0.05405311432330725 -36.05361328125 -0 0 -0 1 
Seq_Frame0021_StylusToTrackerTransformStatus = OK
Seq_Frame0021_Timestamp = 281.8558000002855
Seq_Frame0021_ImageStatus = INVALID
Seq_Frame0022_ReferenceToTrackerTransform = 0.6277521964919659 0.7487820617015799 0.2134979150347341 359.30830078125 -0.2364043657905657 -0.07792886931176125 0.9686582786893698 -154.7068359375 0.7417397467574848 -0.6583997365149282 0.1281596946391937 9.599414062499999 -0 0 -0 1 
Seq_Frame0022_ReferenceToTrackerTransformStatus = OK
Seq_Frame0022_StylusToTrackerTransform = 0.6839278015989583 0.3608780794352914 -0.6341177537461693 315.55283203125 0.5270546334136479 0.3570151008539331 0.7714224599435279 9.82265625 0.5046917542967453 -0.8616737206534165 0.05409766372271826 -36.05361328125 -0 0 -0 1 
Seq_Frame0022_StylusToTrackerTransformStatus = OK
Seq_Frame0022_Timestamp = 281.9221428574196
Seq_Frame0022_ImageStatus = INVALID
Seq_Frame0023_ReferenceToTrackerTransform = 0.6279200904149926 0.7485136876483401 0.2137699863509341 359.30830078125 -0.2365817214038563 -0.07803561825942369 0.9685369068612317 -154.7068359375 0.7416040397240749 -0.6585723486487961 0.1282166270311863 9.48779296875 -0 0 -0 1 
Seq_Frame0023_ReferenceToTrackerTransformStatus = OK
Seq_Frame0023_StylusToTrackerTransform = 0.6840619584828516 0.3607673589953871 -0.6341581368401419 315.55283203125 0.5269751611399741 0.3570068334534903 0.7714805632578358 9.82265625 0.5047149983692421 -0.8617235014381731 0.05410482751534322 -36.05361328125 -0 0 -0 1 
Seq_Frame0023_StylusToTrackerTransformStatus = OK
Seq_Frame0023_Timestamp = 281.9886571431133
Seq_Frame0023_ImageStatus = INVALID
Seq_Frame0024_ReferenceToTrackerTransform = 0.6279809125412228 0.7486586106486391 0.2134494595456362 359.30830078125 -0.2363700741038474 -0.07778232556134393 0.9686882421628982 -154.7068359375 0.7416979443816069 -0.658588564466188 0.1282173203960936 9.48779296875 -0 0 -0 1 
Seq_Frame0024_ReferenceToTrackerTransformStatus = OK
Seq_Frame0024_StylusToTrackerTransform = 0.6840619584828516 0.3607673589953871 -0.6341581368401419 315.55283203125 0.5269751611399741 0.3570068334534903 0.7714805632578358 9.82265625 0.5047149983692421 -0.8617235014381731 0.05410482751534322 -36.05361328125 -0 0 -0 1 
Seq_Frame0024_StylusToTrackerTransformStatus = OK
Seq_Frame0024_Timestamp = 282.0550571430807
Seq_Frame0024_ImageStatus = INVALID
Seq_Frame0025_ReferenceToTrackerTransform = 0.6277529412962847 0.7486989847757253 0.2136649251864223 359.30830078125 -0.2364909264140666 -0.07799540389413831 0.9685921494417225 -154.7068359375 0.7417946853342122 -0.6584718639471348 0.1281778115612611 9.48779296875 -0 0 -0 1 
Seq_Frame0025_ReferenceToTrackerTransformStatus = OK
Seq_Frame0025_StylusToTrackerTransform = 0.683971915790219 0.3607097860461643 -0.6342353454788882 315.55283203125 0.527012512716452 0.3570179978779963 0.7713099638054216 9.82265625 0.504670535412288 -0.86174350357417 0.0542009682043387 -36.05361328125 -0 0 -0 1 
Seq_Frame0025_StylusToTrackerTransformStatus = OK
Seq_Frame0025_Timestamp = 282.1213428573616
Seq_Frame0025_ImageStatus = INVALID
Seq_Frame0026_ReferenceToTrackerTransform = 0.6278287152239833 0.7486140494416478 0.2135030864657288 359.30830078125 -0.2364147071611762 -0.07788199968763754 0.9686595230591314 -154.7068359375 0.7416904458513711 -0.6584742182096965 0.1281416667586436 9.48779296875 -0 0 -0 1 
Seq_Frame0026_ReferenceToTrackerTransformStatus = OK
Seq_Frame0026_StylusToTrackerTransform = 0.6839278015989583 0.3608780794352914 -0.6341177537461693 315.55283203125 0.5270546334136479 0.3570151008539331 0.7714224599435279 9.82265625 0.5046917542967453 -0.8616737206534165 0.05409766372271826 -36.05361328125 -0 0 -0 1 
Seq_Frame0026_StylusToTrackerTransformStatus = OK
Seq_Frame0026_Timestamp = 282.1878000002022
Seq_Frame0026_ImageStatus = INVALID
Seq_Frame0027_ReferenceToTrackerTransform = 0.6279963040773143 0.7485049207211857 0.2138822618010174 359.30830078125 -0.2366811147384101 -0.07811147682853352 0.9684966561643718 -154.7068359375 0.7416298901624687 -0.6586975886578073 0.1281298248183575 9.48779296875 -0 0 -0 1 
Seq_Frame0027_ReferenceToTrackerTransformStatus = OK
Seq_Frame0027_StylusToTrackerTransform = 0.683971915790219 0.3607097860461643 -0.6342353454788882 315.55283203125 0.527012512716452 0.3570179978779963 0.7713099638054216 9.934277343749999 0.504670535412288 -0.86174350357417 0.0542009682043387 -36.05361328125 -0 0 -0 1 
Seq_Frame0027_StylusToTrackerTransformStatus = OK
Seq_Frame0027_Timestamp = 282.2541428573164
Seq_Frame0027_ImageStatus = INVALID
Seq_Frame0028_ReferenceToTrackerTransform = 0.6278090410865884 0.7487316040224743 0.2135077367894946 359.30830078125 -0.236425772820944 -0.07790986752141327 0.9686545799277915 -154.7068359375 0.7418069132213466 -0.658459356324036 0.1281712998329779 9.48779296875 -0 0 -0 1 
Seq_Frame0028_ReferenceToTrackerTransformStatus = OK
Seq_Frame0028_StylusToTrackerTransform = 0.6840387520433638 0.3607516374622141 -0.6341921105799447 315.55283203125 0.5269521965971167 0.3569912757966369 0.7714469436496168 9.82265625 0.5047704289224577 -0.8616859492198915 0.05418597668055996 -36.05361328125 -0 0 -0 1 
Seq_Frame0028_StylusToTrackerTransformStatus = OK
Seq_Frame0028_Timestamp = 282.3206571429901
Seq_Frame0028_ImageStatus = INVALID
Seq_Frame0029_ReferenceToTrackerTransform = 0.62780260709661 0.7486328325083254 0.2137508679103929 359.30830078125 -0.2364911610627592 -0.07798688370464844 0.968562967353087 -154.7068359375 0.7417136519531915 -0.6584260015520352 0.1282552068757706 9.48779296875 -0 0 -0 1 
Seq_Frame0029_ReferenceToTrackerTransformStatus = OK
Seq_Frame0029_StylusToTrackerTransform = 0.6840619584828516 0.3607673589953871 -0.6341581368401419 315.55283203125 0.5269751611399741 0.3570068334534903 0.7714805632578358 9.82265625 0.5047149983692421 -0.8617235014381731 0.05410482751534322 -36.05361328125 -0 0 -0 1 
Seq_Frame0029_StylusToTrackerTransformStatus = OK
Seq_Frame0029_Timestamp = 282.3870571429841
Seq_Frame0029_ImageStatus = INVALID
Seq_Frame0030_ReferenceToTrackerTransform = 0.6278067749685506 0.7487073146732717 0.2135996088731001 359.30830078125 -0.236335807342539 -0.0779869851511584 0.9686605140130986 -154.7068359375 0.7418375162245569 -0.6584633901190261 0.1280954446793028 9.599414062499999 -0 0 -0 1 
Seq_Frame0030_ReferenceToTrackerTransformStatus = OK
Seq_Frame0030_StylusToTrackerTransform = 0.6838838020717857 0.3608482751329759 -0.6341821535661045 315.55283203125 0.5270207260997324 0.3569921327926928 0.7713728315713393 9.82265625 0.5046592856670082 -0.8616957141819528 0.05405014107774968 -36.05361328125 -0 0 -0 1 
Seq_Frame0030_StylusToTrackerTransformStatus = OK
Seq_Frame0030_Timestamp = 282.4533428572518
Seq_Frame0030_ImageStatus = INVALID
Seq_Frame0031_ReferenceToTrackerTransform = 0.627741942695956 0.7487825030147893 0.213763353948598 359.30830078125 -0.2363976730794093 -0.07811312269311305 0.9685956020482179 -154.7068359375 0.7418149644692053 -0.6583484689393138 0.1281097165032345 9.599414062499999 -0 0 -0 1 
Seq_Frame0031_ReferenceToTrackerTransformStatus = OK
Seq_Frame0031_StylusToTrackerTransform = 0.6839352539741382 0.360684328061297 -0.6342989101997268 315.55283203125 0.5271705425510241 0.3571087847595758 0.7712820552363496 9.934277343749999 0.5047206825164848 -0.8617165343560739 0.05416279836162224 -36.05361328125 -0 0 -0 1 
Seq_Frame0031_StylusToTrackerTransformStatus = OK
Seq_Frame0031_Timestamp = 282.5198000000789
Seq_Frame0031_ImageStatus = INVALID
Seq_Frame0032_ReferenceToTrackerTransform = 0.6277154660652808 0.7487101883998855 0.2137357997085726 359.30830078125 -0.2365718001242607 -0.0779152996712502 0.9685490234550774 -154.7068359375 0.7417616573691275 -0.6584686163994017 0.1282635078481685 9.48779296875 -0 0 -0 1 
Seq_Frame0032_ReferenceToTrackerTransformStatus = OK
Seq_Frame0032_StylusToTrackerTransform = 0.6838768709619663 0.3608350317406134 -0.63432880210751 315.55283203125 0.5270913845203055 0.3570334066321652 0.7713710416354723 9.82265625 0.5047603362729533 -0.8616335742147073 0.05409729194616953 -36.05361328125 -0 0 -0 1 
Seq_Frame0032_StylusToTrackerTransformStatus = OK
Seq_Frame0032_Timestamp = 282.5861428572264
Seq_Frame0032_ImageStatus = INVALID
Seq_Frame0033_ReferenceToTrackerTransform = 0.6278207313707434 0.7486388092883992 0.2136766389174067 359.30830078125 -0.2364979884167472 -0.07798913513789052 0.9685909291686918 -154.7068359375 0.7417350647689469 -0.6584189403208053 0.1281675094739978 9.48779296875 -0 0 -0 1 
Seq_Frame0033_ReferenceToTrackerTransformStatus = OK
Seq_Frame0033_StylusToTrackerTransform = 0.6839278015989583 0.3608780794352914 -0.6341177537461693 315.55283203125 0.5270546334136479 0.3570151008539331 0.7714224599435279 9.82265625 0.5046917542967453 -0.8616737206534165 0.05409766372271826 -36.05361328125 -0 0 -0 1 
Seq_Frame0033_StylusToTrackerTransformStatus = OK
Seq_Frame0033_Timestamp = 282.65265714298
Seq_Frame0033_ImageStatus = INVALID
Seq_Frame0034_ReferenceToTrackerTransform = 0.6277715831419464 0.7487428007074478 0.213578625359945 359.30830078125 -0.2365066573922002 -0.07782976284849041 0.9686114596340072 -154.7068359375 0.7417738912001926 -0.6584561018662327 0.1282570034230829 9.48779296875 -0 0 -0 1 
Seq_Frame0034_ReferenceToTrackerTransformStatus = OK
Seq_Frame0034_StylusToTrackerTransform = 0.6839436573136213 0.3607956529499624 -0.634147541340126 315.55283203125 0.5269841363386483 0.3570806767699307 0.7713837404474019 9.82265625 0.5047438518209545 -0.8616304712355928 0.05417844377282209 -36.05361328125 -0 0 -0 1 
Seq_Frame0034_StylusToTrackerTransformStatus = OK
Seq_Frame0034_Timestamp = 282.7190571429607
Seq_Frame0034_ImageStatus = INVALID
Seq_Frame0035_ReferenceToTrackerTransform = 0.6277623247171085 0.748812794763437 0.2135972518380027 359.30830078125 -0.2364944613937339 -0.07803827908859544 0.968617643759325 -154.7068359375 0.7418057734092166 -0.658337378485628 0.1280978442255561 9.599414062499999 -0 0 -0 1 
Seq_Frame0035_ReferenceToTrackerTransformStatus = OK
Seq_Frame0035_StylusToTrackerTransform = 0.6839650045637559 0.3607096234895822 -0.6341734565971365 315.55283203125 0.5270056722249261 0.3570178369851464 0.7713712192675927 9.82265625 0.5046870464822305 -0.8617431152229692 0.05405311432330725 -36.05361328125 -0 0 -0 1 
Seq_Frame0035_StylusToTrackerTransformStatus = OK
Seq_Frame0035_Timestamp = 282.7855285715777
Seq_Frame0035_ImageStatus = INVALID
Seq_Frame0036_ReferenceToTrackerTransform = 0.6278768352321354 0.7486714270564151 0.2135194504357291 359.30830078125 -0.2364328271951282 -0.07790360575894949 0.9686533610549385 -154.7068359375 0.7417472928057001 -0.6584064347081671 0.1281609984647461 9.48779296875 -0 0 -0 1 
Seq_Frame0036_ReferenceToTrackerTransformStatus = OK
Seq_Frame0036_StylusToTrackerTransform = 0.683966867991557 0.3608113803391077 -0.6341135662385438 315.55283203125 0.5270071080250248 0.357096242220107 0.7714173657202319 9.82265625 0.5046884214763705 -0.8616680304401168 0.05409730647932296 -36.05361328125 -0 0 -0 1 
Seq_Frame0036_StylusToTrackerTransformStatus = OK
Seq_Frame0036_Timestamp = 282.8519714286817
Seq_Frame0036_ImageStatus = INVALID
Seq_Frame0037_ReferenceToTrackerTransform = 0.6277471890354802 0.7487480261022819 0.213746601313394 359.30830078125 -0.236664147684008 -0.07802544760067767 0.968517579304661 -154.7068359375 0.7418086693001383 -0.6584125427264926 0.1282795153120811 9.48779296875 -0 0 -0 1 
Seq_Frame0037_ReferenceToTrackerTransformStatus = OK
Seq_Frame0037_StylusToTrackerTransform = 0.6839650045637559 0.3607096234895822 -0.6341734565971365 315.55283203125 0.5270056722249261 0.3570178369851464 0.7713712192675927 9.82265625 0.5046870464822305 -0.8617431152229692 0.05405311432330725 -36.05361328125 -0 0 -0 1 
Seq_Frame0037_StylusToTrackerTransformStatus = OK
Seq_Frame0037_Timestamp = 282.9183000001058
Seq_Frame0037_ImageStatus = INVALID
Seq_Frame0038_ReferenceToTrackerTransform = 0.6275974041649099 0.7487914131436289 0.2137287625971912 359.30830078125 -0.236472335837099 -0.07803442120739131 0.9685837115309431 -154.7068359375 0.7419134226036973 -0.6583309038607927 0.128135186503852 9.599414062499999 -0 0 -0 1 
Seq_Frame0038_ReferenceToTrackerTransformStatus = OK
Seq_Frame0038_StylusToTrackerTransform = 0.6839278015989583 0.3608780794352914 -0.6341177537461693 315.55283203125 0.5270546334136479 0.3570151008539331 0.7714224599435279 9.82265625 0.5046917542967453 -0.8616737206534165 0.05409766372271826 -36.05361328125 -0 0 -0 1 
Seq_Frame0038_StylusToTrackerTransformStatus = OK
Seq_Frame0038_Timestamp = 282.9848000001362
Seq_Frame0038_ImageStatus = INVALID
Seq_Frame0039_ReferenceToTrackerTransform = 0.6279280821077751 0.7484889411455207 0.213596441141524 359.30830078125 -0.2364984302268535 -0.07792850152258386 0.9686055285830013 -154.7068359375 0.7415594198123264 -0.6586276029407607 0.1281908162006912 9.48779296875 -0 0 -0 1 
Seq_Frame0039_ReferenceToTrackerTransformStatus = OK
Seq_Frame0039_StylusToTrackerTransform = 0.683925934588094 0.3607763346975935 -0.6341776410791354 315.55283203125 0.5270531946408353 0.3569366934031703 0.7713763090248947 9.82265625 0.5046903765709295 -0.8617488012833298 0.05405347098327388 -36.05361328125 -0 0 -0 1 
Seq_Frame0039_StylusToTrackerTransformStatus = OK
Seq_Frame0039_Timestamp = 283.0511857143936
Seq_Frame0039_ImageStatus = INVALID
Seq_Frame0040_ReferenceToTrackerTransform = 0.6278891080892295 0.7486236718151762 0.2135977554638862 359.30830078125 -0.2365971946464489 -0.07787850716513158 0.9685854215560101 -154.7068359375 0.7416642810306823 -0.658602480632147 0.1282184537998427 9.48779296875 -0 0 -0 1 
Seq_Frame0040_ReferenceToTrackerTransformStatus = OK
Seq_Frame0040_StylusToTrackerTransform = 0.6839436573136213 0.3607956529499624 -0.634147541340126 315.55283203125 0.5269841363386483 0.3570806767699307 0.7713837404474019 9.82265625 0.5047438518209545 -0.8616304712355928 0.05417844377282209 -36.05361328125 -0 0 -0 1 
Seq_Frame0040_StylusToTrackerTransformStatus = OK
Seq_Frame0040_Timestamp = 283.1176428572874
Seq_Frame0040_ImageStatus = INVALID
Seq_Frame0041_ReferenceToTrackerTransform = 0.6277442023993546 0.7488068147735367 0.21367147597255 359.30830078125 -0.2364876342433815 -0.0780360262702358 0.968589681589518 -154.7068359375 0.7417843588715675 -0.6583444448399762 0.1281855524064481 9.599414062499999 -0 0 -0 1 
Seq_Frame0041_ReferenceToTrackerTransformStatus = OK
Seq_Frame0041_StylusToTrackerTransform = 0.6840606036063395 0.3608669500818852 -0.6341029382181971 315.55283203125 0.5268930759574591 0.3570286400319981 0.7714044364282325 9.82265625 0.5046804247317007 -0.8616727711893548 0.05409639978483703 -36.05361328125 -0 0 -0 1 
Seq_Frame0041_StylusToTrackerTransformStatus = OK
Seq_Frame0041_Timestamp = 283.1840714287545
Seq_Frame0041_ImageStatus = INVALID
Seq_Frame0042_ReferenceToTrackerTransform = 0.6277529412962847 0.7486989847757253 0.2136649251864223 359.30830078125 -0.2364909264140666 -0.07799540389413831 0.9685921494417225 -154.7068359375 0.7417946853342122 -0.6584718639471348 0.1281778115612611 9.48779296875 -0 0 -0 1 
Seq_Frame0042_ReferenceToTrackerTransformStatus = OK
Seq_Frame0042_StylusToTrackerTransform = 0.6839807464640161 0.3609060160700844 -0.634166842668749 315.55283203125 0.5269902244646743 0.3569811151353387 0.7714821780277303 9.82265625 0.5046872374802883 -0.8616761039752295 0.05410185158216635 -36.05361328125 -0 0 -0 1 
Seq_Frame0042_StylusToTrackerTransformStatus = OK
Seq_Frame0042_Timestamp = 283.2503857144487
Seq_Frame0042_ImageStatus = INVALID
Seq_Frame0043_ReferenceToTrackerTransform = 0.6276291126620127 0.7488292448016259 0.2137395609494543 359.30830078125 -0.2365646610638711 -0.07814457516367722 0.9685522701063235 -154.81845703125 0.7419604471507793 -0.6582747985027587 0.1281512007483228 9.48779296875 -0 0 -0 1 
Seq_Frame0043_ReferenceToTrackerTransformStatus = OK
Seq_Frame0043_StylusToTrackerTransform = 0.6840159203005822 0.3607395963482129 -0.6341709426108793 315.55283203125 0.527046418973481 0.3570409672453414 0.7713595873594185 9.82265625 0.5047030042597551 -0.8617215079618525 0.05424848803538705 -36.05361328125 -0 0 -0 1 
Seq_Frame0043_StylusToTrackerTransformStatus = OK
Seq_Frame0043_Timestamp = 283.3168714287491
Seq_Frame0043_ImageStatus = INVALID
Seq_Frame0044_ReferenceToTrackerTransform = 0.6252282447320865 0.7507323949250134 0.2141064591972246 359.30830078125 -0.2363785067642942 -0.07931631480703001 0.9685651215440998 -154.81845703125 0.7439629442588674 -0.6560619668139317 0.1279969751093273 9.1529296875 -0 0 -0 1 
Seq_Frame0044_ReferenceToTrackerTransformStatus = OK
Seq_Frame0044_StylusToTrackerTransform = 0.6842102048430878 0.3603486561684268 -0.6341284172678168 315.664453125 0.5269002395156521 0.3572651210792925 0.7713259508278549 9.82265625 0.5045107402683476 -0.8617220719999835 0.05473269566734725 -36.27685546875 -0 0 -0 1 
Seq_Frame0044_StylusToTrackerTransformStatus = OK
Seq_Frame0044_Timestamp = 283.3832428573631
Seq_Frame0044_ImageStatus = INVALID
Seq_Frame0045_ReferenceToTrackerTransform = 0.624948613000306 0.7509792800909406 0.2139636960262888 359.08505859375 -0.2364614775919897 -0.07916698209482562 0.9685670591914862 -154.7068359375 0.7442349573719032 -0.6556369845025465 0.128180830367086 9.1529296875 -0 0 -0 1 
Seq_Frame0045_ReferenceToTrackerTransformStatus = OK
Seq_Frame0045_StylusToTrackerTransform = 0.6842119983853853 0.3605373052789271 -0.6340025603695859 315.4412109375 0.5268674964722452 0.3570349763212111 0.7714458481530609 9.82265625 0.5045424930462331 -0.8617376443932265 0.05443682463186228 -36.27685546875 -0 0 -0 1 
Seq_Frame0045_StylusToTrackerTransformStatus = OK
Seq_Frame0045_Timestamp = 283.4496857145202
Seq_Frame0045_ImageStatus = INVALID
Seq_Frame0046_ReferenceToTrackerTransform = 0.6250727372820699 0.7506592936710625 0.2146837338437061 358.9734375 -0.2378019101995842 -0.07869328705227072 0.9681925481553967 -155.26494140625 0.7436414999793259 -0.6561573301752126 0.1293992188520421 8.9296875 -0 0 -0 1 
Seq_Frame0046_ReferenceToTrackerTransformStatus = OK
Seq_Frame0046_StylusToTrackerTransform = 0.6843713921912165 0.3604223413605751 -0.6339556316333168 315.4412109375 0.526566170390346 0.3574259441151927 0.7715241232555244 9.48779296875 0.5046080377558818 -0.861695595052198 0.05480505584972639 -36.3884765625 -0 0 -0 1 
Seq_Frame0046_StylusToTrackerTransformStatus = OK
Seq_Frame0046_Timestamp = 283.5161000002508
Seq_Frame0046_ImageStatus = INVALID
Seq_Frame0047_ReferenceToTrackerTransform = 0.6251899178900939 0.7506180939719572 0.2143746886969382 358.86181640625 -0.2405640775523741 -0.07592159657297172 0.967780087064835 -156.0462890625 0.7426629108100937 -0.6564955784251476 0.1331627993220102 8.59482421875 -0 0 -0 1 
Seq_Frame0047_ReferenceToTrackerTransformStatus = OK
Seq_Frame0047_StylusToTrackerTransform = 0.6847366498071278 0.3601000437591556 -0.6338011633280443 315.55283203125 0.5261726629608031 0.3576746778477852 0.7716353147480837 9.1529296875 0.5045302185826541 -0.8617282749872824 0.05551315408862039 -36.50009765625 -0 0 -0 1 
Seq_Frame0047_StylusToTrackerTransformStatus = OK
Seq_Frame0047_Timestamp = 283.5824000002949
Seq_Frame0047_ImageStatus = INVALID
Seq_Frame0048_ReferenceToTrackerTransform = 0.6306635207205792 0.7519168782569389 0.1928509373713428 358.86181640625 -0.2291204842906227 -0.05687823570544295 0.9719033440020177 -156.38115234375 0.7416140544064389 -0.6569659408324342 0.1363496024314787 8.818066406249999 -0 0 -0 1 
Seq_Frame0048_ReferenceToTrackerTransformStatus = OK
Seq_Frame0048_StylusToTrackerTransform = 0.6844682004113875 0.3605491509365129 -0.6337692940926764 315.55283203125 0.5263616954252331 0.3575470081193641 0.7716221942454198 9.1529296875 0.504784403218779 -0.8616131103377918 0.05515012764393565 -36.3884765625 -0 0 -0 1 
Seq_Frame0048_StylusToTrackerTransformStatus = OK
Seq_Frame0048_Timestamp = 283.6488714288521
Seq_Frame0048_ImageStatus = INVALID
Seq_Frame0049_ReferenceToTrackerTransform = 0.6484928628492153 0.7460877939295494 0.151780915220887 359.08505859375 -0.208628722131307 -0.01745061481142105 0.9779934382866066 -156.4927734375 0.7322159897554248 -0.6657183299795508 0.1444489475957923 8.9296875 -0 0 -0 1 
Seq_Frame0049_ReferenceToTrackerTransformStatus = OK
Seq_Frame0049_StylusToTrackerTransform = 0.6843758670882271 0.3603649978803683 -0.6339833990424879 315.55283203125 0.5266572509123646 0.3572444229418743 0.7715192428053564 9.48779296875 0.5045015832007402 -0.861723380752122 0.05467436045828711 -36.27685546875 -0 0 -0 1 
Seq_Frame0049_StylusToTrackerTransformStatus = OK
Seq_Frame0049_Timestamp = 283.7152285717228
Seq_Frame0049_ImageStatus = INVALID
Seq_Frame0050_ReferenceToTrackerTransform = 0.6834894509081505 0.7233051736159862 0.09946708269664759 359.08505859375 -0.1879915251704367 0.04279484273450609 0.9814003802762785 -157.3857421875 0.7054896339656803 -0.6893662693131103 0.1652024674090751 8.9296875 -0 0 -0 1 
Seq_Frame0050_ReferenceToTrackerTransformStatus = OK
Seq_Frame0050_StylusToTrackerTransform = 0.6871262124713193 0.3621675086361673 -0.6300367837791431 315.55283203125 0.5215463901564968 0.3580622070317365 0.7746341290065446 9.599414062499999 0.5061558914512637 -0.8606031983904126 0.05711812239765644 -36.27685546875 -0 0 -0 1 
Seq_Frame0050_StylusToTrackerTransformStatus = OK
Seq_Frame0050_Timestamp = 283.7816571431368
Seq_Frame0050_ImageStatus = INVALID
Seq_Frame0051_ReferenceToTrackerTransform = 0.7735058492830603 0.6335598028812982 0.02498587926127961 356.9642578125 -0.1465006705694963 0.1405136440367692 0.9793593521201683 -158.61357421875 0.6169173882199389 -0.7609285243392683 0.2014944621249757 7.925097656249999 -0 0 -0 1 
Seq_Frame0051_ReferenceToTrackerTransformStatus = OK
Seq_Frame0051_StylusToTrackerTransform = 0.7035837193314339 0.3753803124146188 -0.6035662477446885 315.55283203125 0.4853959494419963 0.3667427973898866 0.7937335800690319 9.48779296875 0.5192809099883242 -0.8513388148972096 0.07586591552562735 -36.05361328125 -0 0 -0 1 
Seq_Frame0051_StylusToTrackerTransformStatus = OK
Seq_Frame0051_Timestamp = 283.8480571431241
Seq_Frame0051_ImageStatus = INVALID
Seq_Frame0052_ReferenceToTrackerTransform = 0.8580593161989815 0.5110119747761557 -0.05236130382417335 352.83427734375 -0.0816201412564635 0.2362751119978066 0.9683479395626873 -161.4041015625 0.5072111822948926 -0.8265103776601563 0.2445402057880905 8.03671875 -0 0 -0 1 
Seq_Frame0052_ReferenceToTrackerTransformStatus = OK
Seq_Frame0052_StylusToTrackerTransform = 0.7171609527564499 0.411027247667892 -0.5628861029301282 315.664453125 0.442838083722716 0.3551059499288621 0.8234380041634597 9.48779296875 0.5383682630823419 -0.8396435081068839 0.07271643581648188 -35.83037109375 -0 0 -0 1 
Seq_Frame0052_StylusToTrackerTransformStatus = OK
Seq_Frame0052_Timestamp = 283.914342857425
Seq_Frame0052_ImageStatus = INVALID
Seq_Frame0053_ReferenceToTrackerTransform = 0.8814964765927459 0.4538855683587716 -0.1309438782952662 350.93671875 -0.04149977453045643 0.3507206699109442 0.9356946486011969 -160.62275390625 0.4705355516049531 -0.8192677880411778 0.3280972175570394 10.9388671875 -0 0 -0 1 
Seq_Frame0053_ReferenceToTrackerTransformStatus = OK
Seq_Frame0053_StylusToTrackerTransform = 0.6545089360906327 0.5608372441111655 -0.5071831054410384 315.8876953125 0.5249416029230078 0.1460904718172892 0.838706767556185 7.25537109375 0.5444344232319178 -0.8149774560005734 -0.1987576231873777 -34.93740234375 -0 0 -0 1 
Seq_Frame0053_StylusToTrackerTransformStatus = OK
Seq_Frame0053_Timestamp = 283.9808000002855
Seq_Frame0053_ImageStatus = INVALID
Seq_Frame0054_ReferenceToTrackerTransform = 0.8896057507725802 0.3931277142017527 -0.2332516973345429 351.8296875 -0.009374355996925142 0.5261542024623813 0.8505485056456337 -151.8046875 0.4569839449249247 -0.7541799011936156 0.4717022170778799 14.17587890625 -0 0 -0 1 
Seq_Frame0054_ReferenceToTrackerTransformStatus = OK
