ObjectType = Image
NDims = 3
AnatomicalOrientation = RAI
BinaryData = True
BinaryDataByteOrderMSB = False
CenterOfRotation = 0 0 0
CompressedData = False
DimSize = 0 0 93                             
ElementNumberOfChannels = 1
ElementSpacing = 1 1 1
ElementType = MET_UCHAR
Offset = 0 0 0
TransformMatrix = 1 0 0 0 1 0 0 0 1
UltrasoundImageOrientation = XX
UltrasoundImageType = XX
Seq_Frame0000_ReferenceToTrackerTransform = 0.9999778358309198 -0.005597252843259817 -0.003605358167871376 60.6 -0.005603734062377132 -0.9999826967452578 -0.001790076713429796 137.86 -0.003595276271466663 0.001810240506239224 -0.9999918984761033 -296.49 0 0 0 1 
Seq_Frame0000_ReferenceToTrackerTransformStatus = OK
Seq_Frame0000_StylusToTrackerTransform = 0.3903989045413856 0.9175945537919958 -0.07489279126961652 19.58 -0.8865702552801235 0.3966303205737696 0.2380705173978617 126.83 0.2481569619926529 -0.02654474812118115 0.9683560804589189 -380.09 0 0 0 1 
Seq_Frame0000_StylusToTrackerTransformStatus = OK
Seq_Frame0000_Timestamp = 196.7208142857271
Seq_Frame0000_ImageStatus = INVALID
Seq_Frame0001_ReferenceToTrackerTransform = 0.9999778358309198 -0.005597252843259817 -0.003605358167871376 60.6 -0.005603734062377132 -0.9999826967452578 -0.001790076713429796 137.85 -0.003595276271466663 0.001810240506239224 -0.9999918984761033 -296.49 0 0 0 1 
Seq_Frame0001_ReferenceToTrackerTransformStatus = OK
Seq_Frame0001_StylusToTrackerTransform = 0.3901809103423912 0.9171786834388822 -0.08088337189868715 20.09 -0.8868299829260227 0.3979791384515456 0.2348301231545804 127.07 0.2475710778500041 -0.01989643190835815 0.9686654187125207 -380.09 0 0 0 1 
Seq_Frame0001_StylusToTrackerTransformStatus = OK
Seq_Frame0001_Timestamp = 196.7953571428686
Seq_Frame0001_ImageStatus = INVALID
Seq_Frame0002_ReferenceToTrackerTransform = 0.9999778358351318 -0.005596891711921586 -0.003605917587973956 60.6 -0.005604093065127868 -0.9999823166771267 -0.001990093958555752 137.85 -0.003594715482986407 0.002010257747533339 -0.9999915184062235 -296.46 0 0 0 1 
Seq_Frame0002_ReferenceToTrackerTransformStatus = OK
Seq_Frame0002_StylusToTrackerTransform = 0.3874099959474054 0.9177543322700945 -0.08740984292117512 21.09 -0.8889781997532198 0.3970036603974288 0.2282670672579988 127.71 0.2441951174850882 -0.01072749880056941 0.9696667805828597 -380.01 0 0 0 1 
Seq_Frame0002_StylusToTrackerTransformStatus = OK
Seq_Frame0002_Timestamp = 196.8709142857227
Seq_Frame0002_ImageStatus = INVALID
Seq_Frame0003_ReferenceToTrackerTransform = 0.9999778358397874 -0.005596530468768989 -0.003606476935720835 60.6 -0.005604451955632073 -0.9999818966019924 -0.002190111083850439 137.83 -0.003594154622822705 0.002210274868592835 -0.9999910983291566 -296.45 0 0 0 1 
Seq_Frame0003_ReferenceToTrackerTransformStatus = OK
Seq_Frame0003_StylusToTrackerTransform = 0.3823103137780593 0.9197994803978179 -0.08836141600736225 23.97 -0.892391523472814 0.3923367739704903 0.2229556561836872 128.37 0.239741929609303 -0.006385268227153491 0.9708156547650412 -380.27 0 0 0 1 
Seq_Frame0003_StylusToTrackerTransformStatus = OK
Seq_Frame0003_Timestamp = 196.9215428571487
Seq_Frame0003_ImageStatus = INVALID
Seq_Frame0004_ReferenceToTrackerTransform = 0.9999778358351318 -0.005596891711921586 -0.003605917587973956 60.63 -0.005604093065127868 -0.9999823166771267 -0.001990093958555752 137.85 -0.003594715482986407 0.002010257747533339 -0.9999915184062235 -296.49 0 0 0 1 
Seq_Frame0004_ReferenceToTrackerTransformStatus = OK
Seq_Frame0004_StylusToTrackerTransform = 0.3777708277563829 0.9218795802776061 -0.0861814432661802 27.94 -0.8945084001438033 0.3874098584364322 0.2230881522144033 128.18 0.2390479528639191 -0.007186170986562269 0.9709811713818765 -380.41 0 0 0 1 
Seq_Frame0004_StylusToTrackerTransformStatus = OK
Seq_Frame0004_Timestamp = 196.9978142857219
Seq_Frame0004_ImageStatus = INVALID
Seq_Frame0005_ReferenceToTrackerTransform = 0.9999778358351318 -0.005596891711921586 -0.003605917587973956 60.61 -0.005604093065127868 -0.9999823166771267 -0.001990093958555752 137.83 -0.003594715482986407 0.002010257747533339 -0.9999915184062235 -296.47 0 0 0 1 
Seq_Frame0005_ReferenceToTrackerTransformStatus = OK
Seq_Frame0005_StylusToTrackerTransform = 0.3610297158175059 0.9287060113086306 -0.08463267014542569 30.61 -0.9012496754529439 0.3707874822368063 0.2242000568966322 128.12 0.2395966752538399 -0.004667716326378802 0.9708612906237443 -380.63 0 0 0 1 
Seq_Frame0005_StylusToTrackerTransformStatus = OK
Seq_Frame0005_Timestamp = 197.0731857142968
Seq_Frame0005_ImageStatus = INVALID
Seq_Frame0006_ReferenceToTrackerTransform = 0.9999778358351318 -0.005596891711921586 -0.003605917587973956 60.62000000000001 -0.005604093065127868 -0.9999823166771267 -0.001990093958555752 137.84 -0.003594715482986407 0.002010257747533339 -0.9999915184062235 -296.47 0 0 0 1 
Seq_Frame0006_ReferenceToTrackerTransformStatus = OK
Seq_Frame0006_StylusToTrackerTransform = 0.368610441614108 0.9260054688992933 -0.08148750764167427 30.14 -0.8991134967735286 0.3774153826790237 0.2217037411432743 128.7 0.2360535156542477 -0.008455795991256848 0.9717032660547271 -380.41 0 0 0 1 
Seq_Frame0006_StylusToTrackerTransformStatus = OK
Seq_Frame0006_Timestamp = 197.1234142857267
Seq_Frame0006_ImageStatus = INVALID
Seq_Frame0007_ReferenceToTrackerTransform = 0.9999778358351318 -0.005596891711921586 -0.003605917587973956 60.64 -0.005604093065127868 -0.9999823166771267 -0.001990093958555752 137.84 -0.003594715482986407 0.002010257747533339 -0.9999915184062235 -296.5 0 0 0 1 
Seq_Frame0007_ReferenceToTrackerTransformStatus = OK
Seq_Frame0007_StylusToTrackerTransform = 0.3597552012806451 0.9297900827936831 -0.07788836299498192 32.29 -0.9026341451548798 0.3679535930967043 0.2232974548169863 128.66 0.2362790620263284 -0.01002772485365217 0.9716334955024027 -380.4 0 0 0 1 
Seq_Frame0007_StylusToTrackerTransformStatus = OK
Seq_Frame0007_Timestamp = 197.1980714285863
Seq_Frame0007_ImageStatus = INVALID
Seq_Frame0008_ReferenceToTrackerTransform = 0.9999785359591797 -0.00559709370886163 -0.003405901194958963 60.65 -0.005603894989270679 -0.9999823166709364 -0.001990654760665243 137.85 -0.00339469908604994 0.002009698345810582 -0.9999922185350614 -296.51 0 0 0 1 
Seq_Frame0008_ReferenceToTrackerTransformStatus = OK
Seq_Frame0008_StylusToTrackerTransform = 0.3533422254630943 0.9326437572312561 -0.07297186993872076 34.56 -0.9056265323102183 0.3605718613938272 0.223223020198992 128.81 0.2344991592320893 -0.01278885720290913 0.9720321956863809 -380.51 0 0 0 1 
Seq_Frame0008_StylusToTrackerTransformStatus = OK
Seq_Frame0008_Timestamp = 197.2724428571544
Seq_Frame0008_ImageStatus = INVALID
Seq_Frame0009_ReferenceToTrackerTransform = 0.9999785359591797 -0.00559709370886163 -0.003405901194958963 60.65 -0.005603894989270679 -0.9999823166709364 -0.001990654760665243 137.85 -0.00339469908604994 0.002009698345810582 -0.9999922185350614 -296.51 0 0 0 1 
Seq_Frame0009_ReferenceToTrackerTransformStatus = OK
Seq_Frame0009_StylusToTrackerTransform = 0.3717632067724935 0.9263065245461883 -0.06122369372550156 38.53 -0.8982742903894644 0.3755897776475307 0.2281131696153966 127.95 0.2342977108627748 -0.02980841340696075 0.9717077961890721 -380.87 0 0 0 1 
Seq_Frame0009_StylusToTrackerTransformStatus = OK
Seq_Frame0009_Timestamp = 197.3225428571517
Seq_Frame0009_ImageStatus = INVALID
Seq_Frame0010_ReferenceToTrackerTransform = 0.9999778358309198 -0.005597252843259817 -0.003605358167871376 60.65 -0.005603734062377132 -0.9999826967452578 -0.001790076713429796 137.86 -0.003595276271466663 0.001810240506239224 -0.9999918984761033 -296.51 0 0 0 1 
Seq_Frame0010_ReferenceToTrackerTransformStatus = OK
Seq_Frame0010_StylusToTrackerTransform = 0.3495447417819596 0.9347812377552379 -0.06326540155067603 40.1 -0.9075169054293665 0.3545861217320942 0.2251260727567971 128.17 0.2328766623182524 -0.02127721353414555 0.9722734905013778 -380.68 0 0 0 1 
Seq_Frame0010_StylusToTrackerTransformStatus = OK
Seq_Frame0010_Timestamp = 197.3973714285763
Seq_Frame0010_ImageStatus = INVALID
Seq_Frame0011_ReferenceToTrackerTransform = 0.9999785359591797 -0.00559709370886163 -0.003405901194958963 60.65 -0.005603894989270679 -0.9999823166709364 -0.001990654760665243 137.87 -0.00339469908604994 0.002009698345810582 -0.9999922185350614 -296.55 0 0 0 1 
Seq_Frame0011_ReferenceToTrackerTransformStatus = OK
Seq_Frame0011_StylusToTrackerTransform = 0.3572932663387107 0.9317975001494719 -0.06399172246634803 39.01 -0.9046312770378393 0.3622920992675948 0.224469791760868 128.31 0.2323440862899318 -0.02231263147802731 0.9723776900169103 -380.46 0 0 0 1 
Seq_Frame0011_StylusToTrackerTransformStatus = OK
Seq_Frame0011_Timestamp = 197.4724000000054
Seq_Frame0011_ImageStatus = INVALID
Seq_Frame0012_ReferenceToTrackerTransform = 0.9999778358351318 -0.005596891711921586 -0.003605917587973956 60.63 -0.005604093065127868 -0.9999823166771267 -0.001990093958555752 137.86 -0.003594715482986407 0.002010257747533339 -0.9999915184062235 -296.55 0 0 0 1 
Seq_Frame0012_ReferenceToTrackerTransformStatus = OK
Seq_Frame0012_StylusToTrackerTransform = 0.3533503778976792 0.9333683503639952 -0.06298438678245383 39.82 -0.9057846973108894 0.3581855566430643 0.2264005060279655 128.05 0.2338751644723912 -0.02294841064415047 0.9719957705113328 -380.46 0 0 0 1 
Seq_Frame0012_StylusToTrackerTransformStatus = OK
Seq_Frame0012_Timestamp = 197.5221285714339
Seq_Frame0012_ImageStatus = INVALID
Seq_Frame0013_ReferenceToTrackerTransform = 0.9999778358309198 -0.005597252843259817 -0.003605358167871376 60.63 -0.005603734062377132 -0.9999826967452578 -0.001790076713429796 137.88 -0.003595276271466663 0.001810240506239224 -0.9999918984761033 -296.56 0 0 0 1 
Seq_Frame0013_ReferenceToTrackerTransformStatus = OK
Seq_Frame0013_StylusToTrackerTransform = 0.3487713842525839 0.9350515693643727 -0.06353805281687704 40.18 -0.9065698506477342 0.3537863987714262 0.2301440634491591 127.61 0.2376754665990616 -0.02266598053403368 0.9710801336158357 -380.37 0 0 0 1 
Seq_Frame0013_StylusToTrackerTransformStatus = OK
Seq_Frame0013_Timestamp = 197.5966571428638
Seq_Frame0013_ImageStatus = INVALID
Seq_Frame0014_ReferenceToTrackerTransform = 0.9999778358351318 -0.005596891711921586 -0.003605917587973956 60.63 -0.005604093065127868 -0.9999823166771267 -0.001990093958555752 137.87 -0.003594715482986407 0.002010257747533339 -0.9999915184062235 -296.55 0 0 0 1 
Seq_Frame0014_ReferenceToTrackerTransformStatus = OK
Seq_Frame0014_StylusToTrackerTransform = 0.3523514219908454 0.9338237943134848 -0.06181906336232754 39.51 -0.9046411406196336 0.3567717759548243 0.233105784099084 127.38 0.2397350248074681 -0.02621108650946986 0.9704844650093868 -380.28 0 0 0 1 
Seq_Frame0014_StylusToTrackerTransformStatus = OK
Seq_Frame0014_Timestamp = 197.6708285714417
Seq_Frame0014_ImageStatus = INVALID
Seq_Frame0015_ReferenceToTrackerTransform = 0.9999781958988666 -0.00539667506061215 -0.003805735820850544 60.6 -0.005404276490365073 -0.9999834168808812 -0.001989914282977485 137.87 -0.003794933789096391 0.002010438143310375 -0.999990778265484 -296.51 0 0 0 1 
Seq_Frame0015_ReferenceToTrackerTransformStatus = OK
Seq_Frame0015_StylusToTrackerTransform = 0.3604038747812646 0.9310046715305197 -0.05778709744397857 38.78 -0.9015721781382198 0.3635651981491969 0.2344951050701092 127.29 0.2393254158039987 -0.0324137051736538 0.9703982157172173 -380.3 0 0 0 1 
Seq_Frame0015_StylusToTrackerTransformStatus = OK
Seq_Frame0015_Timestamp = 197.72081428573
Seq_Frame0015_ImageStatus = INVALID
Seq_Frame0016_ReferenceToTrackerTransform = 0.9999770957045283 -0.005596689603168177 -0.003805933764818254 60.59 -0.005604291028739528 -0.9999823166836708 -0.001989533117040769 137.87 -0.003794731663976261 0.002010817108640554 -0.9999907782705567 -296.5 0 0 0 1 
Seq_Frame0016_ReferenceToTrackerTransformStatus = OK
Seq_Frame0016_StylusToTrackerTransform = 0.3735509937322421 0.9261556233254137 -0.05191740040072307 37.83 -0.8966512087395827 0.3748568337106978 0.2355821811730156 127.21 0.2376473541773603 -0.04145015805886378 0.9704667018756468 -380.3 0 0 0 1 
Seq_Frame0016_StylusToTrackerTransformStatus = OK
Seq_Frame0016_Timestamp = 197.7959142857231
Seq_Frame0016_ImageStatus = INVALID
Seq_Frame0017_ReferenceToTrackerTransform = 0.9999770957045283 -0.005596689603168177 -0.003805933764818254 60.58 -0.005604291028739528 -0.9999823166836708 -0.001989533117040769 137.85 -0.003794731663976261 0.002010817108640554 -0.9999907782705567 -296.47 0 0 0 1 
Seq_Frame0017_ReferenceToTrackerTransformStatus = OK
Seq_Frame0017_StylusToTrackerTransform = 0.3865281954203292 0.9211906096989948 -0.04476398940552828 36.87 -0.8917119859577823 0.3856695793869585 0.2368727709862711 127.14 0.2354690812916458 -0.05164141882133952 0.9705088745693095 -380.39 0 0 0 1 
Seq_Frame0017_StylusToTrackerTransformStatus = OK
Seq_Frame0017_Timestamp = 197.8703428571453
Seq_Frame0017_ImageStatus = INVALID
Seq_Frame0018_ReferenceToTrackerTransform = 0.9999770957045283 -0.005596689603168177 -0.003805933764818254 60.57 -0.005604291028739528 -0.9999823166836708 -0.001989533117040769 137.87 -0.003794731663976261 0.002010817108640554 -0.9999907782705567 -296.5 0 0 0 1 
Seq_Frame0018_ReferenceToTrackerTransformStatus = OK
Seq_Frame0018_StylusToTrackerTransform = 0.393257013838304 0.9185458325362367 -0.04027995279654432 36.39 -0.8891666404774212 0.3910956259265968 0.2375434630613514 127.06 0.2339478713924881 -0.05760004263362412 0.9705414100178974 -380.34 0 0 0 1 
Seq_Frame0018_StylusToTrackerTransformStatus = OK
Seq_Frame0018_Timestamp = 197.9206428571442
Seq_Frame0018_ImageStatus = INVALID
Seq_Frame0019_ReferenceToTrackerTransform = 0.9999766956341604 -0.005796905992368611 -0.003606115569690826 60.58 -0.005804107341469352 -0.9999811764736005 -0.001989732756534609 137.88 -0.003594513396139633 0.002010616668926757 -0.9999915184110592 -296.54 0 0 0 1 
Seq_Frame0019_ReferenceToTrackerTransformStatus = OK
Seq_Frame0019_StylusToTrackerTransform = 0.4016494219425736 0.9150821512354721 -0.0360887564686969 35.86 -0.8855965075828017 0.3981399454558861 0.2391723428608098 126.9 0.2332307175531155 -0.06410335656301107 0.9703062362300957 -380.25 0 0 0 1 
Seq_Frame0019_StylusToTrackerTransformStatus = OK
Seq_Frame0019_Timestamp = 197.9952857142847
Seq_Frame0019_ImageStatus = INVALID
Seq_Frame0020_ReferenceToTrackerTransform = 0.9999778358309198 -0.005597252843259817 -0.003605358167871376 60.6 -0.005603734062377132 -0.9999826967452578 -0.001790076713429796 137.87 -0.003595276271466663 0.001810240506239224 -0.9999918984761033 -296.54 0 0 0 1 
Seq_Frame0020_ReferenceToTrackerTransformStatus = OK
Seq_Frame0020_StylusToTrackerTransform = 0.3999825879764294 0.9133925867589481 -0.07568296882043502 27.71 -0.8808930367629351 0.4059207601692598 0.2434251306791973 126.53 0.2530639980286645 -0.03069721351209834 0.9669624056727026 -380.19 0 0 0 1 
Seq_Frame0020_StylusToTrackerTransformStatus = OK
Seq_Frame0020_Timestamp = 198.0719571428594
Seq_Frame0020_ImageStatus = INVALID
Seq_Frame0021_ReferenceToTrackerTransform = 0.9999766956297317 -0.0057972671615108 -0.003605536146193496 60.6 -0.005803748376933127 -0.9999815565412983 -0.001789715625371226 137.88 -0.003595094188013079 0.001810599541732062 -0.9999918984807222 -296.57 0 0 0 1 
Seq_Frame0021_ReferenceToTrackerTransformStatus = OK
Seq_Frame0021_StylusToTrackerTransform = 0.3883456953820687 0.9176447900319977 -0.08435437276957196 25.73 -0.8848449501666504 0.3968925844249927 0.2439788732514101 126.4 0.2573655669330983 -0.02010760442172149 0.9661048851970598 -380.05 0 0 0 1 
Seq_Frame0021_StylusToTrackerTransformStatus = OK
Seq_Frame0021_Timestamp = 198.1222714285744
Seq_Frame0021_ImageStatus = INVALID
Seq_Frame0022_ReferenceToTrackerTransform = 0.9999778358309198 -0.005597252843259817 -0.003605358167871376 60.62000000000001 -0.005603734062377132 -0.9999826967452578 -0.001790076713429796 137.89 -0.003595276271466663 0.001810240506239224 -0.9999918984761033 -296.57 0 0 0 1 
Seq_Frame0022_ReferenceToTrackerTransformStatus = OK
Seq_Frame0022_StylusToTrackerTransform = 0.3915299047707979 0.9160854538017251 -0.08655504030995111 22.84 -0.8853451521592521 0.4006752400283932 0.2358459530632235 127.17 0.2507355084910804 -0.0157096582100581 0.9679281540592991 -380.67 0 0 0 1 
Seq_Frame0022_StylusToTrackerTransformStatus = OK
Seq_Frame0022_Timestamp = 198.1969428571515
Seq_Frame0022_ImageStatus = INVALID
Seq_Frame0023_ReferenceToTrackerTransform = 0.9999778358351318 -0.005596891711921586 -0.003605917587973956 60.61 -0.005604093065127868 -0.9999823166771267 -0.001990093958555752 137.88 -0.003594715482986407 0.002010257747533339 -0.9999915184062235 -296.58 0 0 0 1 
Seq_Frame0023_ReferenceToTrackerTransformStatus = OK
Seq_Frame0023_StylusToTrackerTransform = 0.3767937507557463 0.92099050317386 -0.09900991089268044 21.35 -0.8899967224733014 0.3895833260404946 0.2369191129014433 126.81 0.2567728633991482 -0.001151144988999725 0.9664710919044689 -380.16 0 0 0 1 
Seq_Frame0023_StylusToTrackerTransformStatus = OK
Seq_Frame0023_Timestamp = 198.2724142857216
Seq_Frame0023_ImageStatus = INVALID
Seq_Frame0024_ReferenceToTrackerTransform = 0.9999778358309198 -0.005597252843259817 -0.003605358167871376 60.62000000000001 -0.005603734062377132 -0.9999826967452578 -0.001790076713429796 137.9 -0.003595276271466663 0.001810240506239224 -0.9999918984761033 -296.62 0 0 0 1 
Seq_Frame0024_ReferenceToTrackerTransformStatus = OK
Seq_Frame0024_StylusToTrackerTransform = 0.3966204209514027 0.9131999482258255 -0.09358470091143073 21.16 -0.881570176059197 0.4073315183568793 0.2385687717117144 126.62 0.2559809882926639 -0.01211976540322199 0.9666058374121699 -380.14 0 0 0 1 
Seq_Frame0024_StylusToTrackerTransformStatus = OK
Seq_Frame0024_Timestamp = 198.3222285714371
Seq_Frame0024_ImageStatus = INVALID
Seq_Frame0025_ReferenceToTrackerTransform = 0.9999778358351318 -0.005596891711921586 -0.003605917587973956 60.61 -0.005604093065127868 -0.9999823166771267 -0.001990093958555752 137.89 -0.003594715482986407 0.002010257747533339 -0.9999915184062235 -296.58 0 0 0 1 
Seq_Frame0025_ReferenceToTrackerTransformStatus = OK
Seq_Frame0025_StylusToTrackerTransform = 0.3866492499869272 0.9172630895258227 -0.09555512585983655 21.61 -0.8860368135605888 0.3982180670566176 0.2374050043387665 126.81 0.2558146252659242 -0.007127107634496671 0.9666995819988861 -380.32 0 0 0 1 
Seq_Frame0025_StylusToTrackerTransformStatus = OK
Seq_Frame0025_Timestamp = 198.3967714285802
Seq_Frame0025_ImageStatus = INVALID
Seq_Frame0026_ReferenceToTrackerTransform = 0.999977835844886 -0.005596169113823768 -0.003607036211078491 60.59 -0.005604810733868278 -0.9999814365199043 -0.002390128077310654 137.86 -0.003593593691009254 0.00241029185741451 -0.9999906382449517 -296.53 0 0 0 1 
Seq_Frame0026_ReferenceToTrackerTransformStatus = OK
Seq_Frame0026_StylusToTrackerTransform = 0.3830757336676107 0.9183672942764467 -0.09926980950107597 21.49 -0.8875311477313778 0.3957224192313362 0.2359920098738976 127.01 0.2560106327511516 -0.002297764360572171 0.9666712348039007 -380.15 0 0 0 1 
Seq_Frame0026_StylusToTrackerTransformStatus = OK
Seq_Frame0026_Timestamp = 198.452342857151
Seq_Frame0026_ImageStatus = INVALID
Seq_Frame0027_ReferenceToTrackerTransform = 0.9999766956444162 -0.005796183306660015 -0.003607274199547896 60.62000000000001 -0.005804824921777882 -0.9999802963173817 -0.002389766647386397 137.87 -0.003593351597413557 0.002410650550587905 -0.999990638250289 -296.56 0 0 0 1 
Seq_Frame0027_ReferenceToTrackerTransformStatus = OK
Seq_Frame0027_StylusToTrackerTransform = 0.3795741500332954 0.91963991890702 -0.1009251414623298 22.23 -0.8896182249925522 0.3927603309243632 0.2330638028808544 127.39 0.2539741687408434 0.001319850322812215 0.9672101010677686 -379.97 0 0 0 1 
Seq_Frame0027_StylusToTrackerTransformStatus = OK
Seq_Frame0027_Timestamp = 198.5276714285794
Seq_Frame0027_ImageStatus = INVALID
Seq_Frame0028_ReferenceToTrackerTransform = 0.999977835844886 -0.005596169113823768 -0.003607036211078491 60.61 -0.005604810733868278 -0.9999814365199043 -0.002390128077310654 137.85 -0.003593593691009254 0.00241029185741451 -0.9999906382449517 -296.51 0 0 0 1 
Seq_Frame0028_ReferenceToTrackerTransformStatus = OK
Seq_Frame0028_StylusToTrackerTransform = 0.3788848855372049 0.9211734128945346 -0.0888019531749981 29.19 -0.8918544637417952 0.3890657018934843 0.2307021783901606 127.46 0.2470665072714109 -0.008211150124427887 0.9689637340986195 -380.4 0 0 0 1 
Seq_Frame0028_StylusToTrackerTransformStatus = OK
Seq_Frame0028_Timestamp = 198.6013142857264
Seq_Frame0028_ImageStatus = INVALID
Seq_Frame0029_ReferenceToTrackerTransform = 0.9999778358351318 -0.005596891711921586 -0.003605917587973956 60.63 -0.005604093065127868 -0.9999823166771267 -0.001990093958555752 137.86 -0.003594715482986407 0.002010257747533339 -0.9999915184062235 -296.54 0 0 0 1 
Seq_Frame0029_ReferenceToTrackerTransformStatus = OK
Seq_Frame0029_StylusToTrackerTransform = 0.3846330109648158 0.9200925243780759 -0.07407559287457308 32.73 -0.8918949292125574 0.3911238160476874 0.2270365516061712 127.99 0.2378673624545133 -0.02125810678010481 0.9710649879256582 -380.59 0 0 0 1 
Seq_Frame0029_StylusToTrackerTransformStatus = OK
Seq_Frame0029_Timestamp = 198.6741000000138
Seq_Frame0029_ImageStatus = INVALID
Seq_Frame0030_ReferenceToTrackerTransform = 0.9999778358309198 -0.005597252843259817 -0.003605358167871376 60.62000000000001 -0.005603734062377132 -0.9999826967452578 -0.001790076713429796 137.85 -0.003595276271466663 0.001810240506239224 -0.9999918984761033 -296.54 0 0 0 1 
Seq_Frame0030_ReferenceToTrackerTransformStatus = OK
Seq_Frame0030_StylusToTrackerTransform = 0.3830333015235625 0.9207926903951008 -0.07366350004521723 35.63 -0.8918245621692457 0.3894029635995392 0.2302483056431235 127.7 0.2406957420387675 -0.02249785000501181 0.9703398407308437 -380.3 0 0 0 1 
Seq_Frame0030_StylusToTrackerTransformStatus = OK
Seq_Frame0030_Timestamp = 198.7229857143007
Seq_Frame0030_ImageStatus = INVALID
Seq_Frame0031_ReferenceToTrackerTransform = 0.9999770956962812 -0.005597451761185926 -0.003804814924724355 60.61 -0.005603532903832629 -0.9999830368126171 -0.001589498666799492 137.85 -0.003795853240823951 0.001610782666062953 -0.9999914984025499 -296.51 0 0 0 1 
Seq_Frame0031_ReferenceToTrackerTransformStatus = OK
Seq_Frame0031_StylusToTrackerTransform = 0.3667314312451732 0.9278404568868452 -0.06797164041625768 37.48 -0.8993016327975427 0.372264896828276 0.229511262985298 127.73 0.2382532908157626 -0.02304198675121769 0.9709296762701283 -380.62 0 0 0 1 
Seq_Frame0031_StylusToTrackerTransformStatus = OK
Seq_Frame0031_Timestamp = 198.8075285714411
Seq_Frame0031_ImageStatus = INVALID
Seq_Frame0032_ReferenceToTrackerTransform = 0.9999778358309198 -0.005597252843259817 -0.003605358167871376 60.63 -0.005603734062377132 -0.9999826967452578 -0.001790076713429796 137.86 -0.003595276271466663 0.001810240506239224 -0.9999918984761033 -296.52 0 0 0 1 
Seq_Frame0032_ReferenceToTrackerTransformStatus = OK
Seq_Frame0032_StylusToTrackerTransform = 0.3687075405283171 0.9275724621946181 -0.06053161930572314 39.44 -0.8979854459789705 0.3722576184026256 0.2346197015409289 127.34 0.2401601306784888 -0.03214953995656466 0.9702007620658069 -380.87 0 0 0 1 
Seq_Frame0032_StylusToTrackerTransformStatus = OK
Seq_Frame0032_Timestamp = 198.8603000000107
Seq_Frame0032_ImageStatus = INVALID
Seq_Frame0033_ReferenceToTrackerTransform = 0.9999778358351318 -0.005596891711921586 -0.003605917587973956 60.63 -0.005604093065127868 -0.9999823166771267 -0.001990093958555752 137.85 -0.003594715482986407 0.002010257747533339 -0.9999915184062235 -296.51 0 0 0 1 
Seq_Frame0033_ReferenceToTrackerTransformStatus = OK
Seq_Frame0033_StylusToTrackerTransform = 0.3730425926655446 0.9256189888387234 -0.06378645278229433 37.86 -0.897597310171674 0.3774420246191892 0.2277204137181013 128.09 0.2348580269651102 -0.02769486509349108 0.9716350660703373 -380.39 0 0 0 1 
Seq_Frame0033_StylusToTrackerTransformStatus = OK
Seq_Frame0033_Timestamp = 198.933057142871
Seq_Frame0033_ImageStatus = INVALID
Seq_Frame0034_ReferenceToTrackerTransform = 0.9999773957621577 -0.00579676677783551 -0.003406678684119699 60.64 -0.005804248180448872 -0.9999807563922085 -0.002190330643188986 137.85 -0.003393916291426317 0.002210054340987849 -0.999991798462376 -296.53 0 0 0 1 
Seq_Frame0034_ReferenceToTrackerTransformStatus = OK
Seq_Frame0034_StylusToTrackerTransform = 0.3718143195766114 0.9261772707078585 -0.06284723527668917 39.36 -0.897728556257087 0.3759749392641602 0.229622046689505 127.81 0.2362997059633118 -0.02895700725995559 0.9712486502910567 -380.36 0 0 0 1 
Seq_Frame0034_StylusToTrackerTransformStatus = OK
Seq_Frame0034_Timestamp = 199.0051428571576
Seq_Frame0034_ImageStatus = INVALID
Seq_Frame0035_ReferenceToTrackerTransform = 0.9999785359636881 -0.005596752469301852 -0.003406460584912993 60.63 -0.005604233876180417 -0.999981896595655 -0.0021906719558613 137.83 -0.003394138267701242 0.002209715537006734 -0.9999917984577001 -296.51 0 0 0 1 
Seq_Frame0035_ReferenceToTrackerTransformStatus = OK
Seq_Frame0035_StylusToTrackerTransform = 0.3681978165112249 0.9277446052949295 -0.06099438713948793 40.52 -0.8965766273751827 0.3716637390239402 0.24086597173384 127.69 0.2461315078589269 -0.03400018295391599 0.9686399064658606 -381.7 0 0 0 1 
Seq_Frame0035_StylusToTrackerTransformStatus = OK
Seq_Frame0035_Timestamp = 199.0751428571555
Seq_Frame0035_ImageStatus = INVALID
Seq_Frame0036_ReferenceToTrackerTransform = 0.999977835844886 -0.005596169113823768 -0.003607036211078491 60.62000000000001 -0.005604810733868278 -0.9999814365199043 -0.002390128077310654 137.83 -0.003593593691009254 0.00241029185741451 -0.9999906382449517 -296.52 0 0 0 1 
Seq_Frame0036_ReferenceToTrackerTransformStatus = OK
Seq_Frame0036_StylusToTrackerTransform = 0.3617775247285799 0.9299847067324852 -0.065157254737714 41.93 -0.8920913361050663 0.3656370917450131 0.2654855272637791 126.96 0.2707213893425115 -0.03792047446884649 0.9619105815867285 -387.59 0 0 0 1 
Seq_Frame0036_StylusToTrackerTransformStatus = OK
Seq_Frame0036_Timestamp = 199.1218571428692
Seq_Frame0036_ImageStatus = INVALID
Seq_Frame0037_ReferenceToTrackerTransform = 0.9999778358397874 -0.005596530468768989 -0.003606476935720835 60.6 -0.005604451955632073 -0.9999818966019924 -0.002190111083850439 137.82 -0.003594154622822705 0.002210274868592835 -0.9999910983291566 -296.51 0 0 0 1 
Seq_Frame0037_ReferenceToTrackerTransformStatus = OK
Seq_Frame0037_StylusToTrackerTransform = 0.3826657895716715 0.9229124971924856 -0.04241952401217573 43.4 -0.8851864642144512 0.3793994164930617 0.269260109069729 123.67 0.2645974623139976 -0.0654874437633244 0.9621328274444948 -393.09 0 0 0 1 
Seq_Frame0037_StylusToTrackerTransformStatus = OK
Seq_Frame0037_Timestamp = 199.1920428571516
Seq_Frame0037_ImageStatus = INVALID
Seq_Frame0038_ReferenceToTrackerTransform = 0.9999778358351318 -0.005596891711921586 -0.003605917587973956 60.58 -0.005604093065127868 -0.9999823166771267 -0.001990093958555752 137.83 -0.003594715482986407 0.002010257747533339 -0.9999915184062235 -296.51 0 0 0 1 
Seq_Frame0038_ReferenceToTrackerTransformStatus = OK
Seq_Frame0038_StylusToTrackerTransform = 0.4035363844374506 0.9149351615780098 -0.007213635932805357 46.12 -0.8837081368738374 0.3917824142428229 0.2560595022900647 119.3 0.2371040178025685 -0.09695457698472024 0.9666341059281909 -394.36 0 0 0 1 
Seq_Frame0038_StylusToTrackerTransformStatus = OK
Seq_Frame0038_Timestamp = 199.2664000000102
Seq_Frame0038_ImageStatus = INVALID
Seq_Frame0039_ReferenceToTrackerTransform = 0.9999778358309198 -0.005597252843259817 -0.003605358167871376 60.59 -0.005603734062377132 -0.9999826967452578 -0.001790076713429796 137.85 -0.003595276271466663 0.001810240506239224 -0.9999918984761033 -296.52 0 0 0 1 
Seq_Frame0039_ReferenceToTrackerTransformStatus = OK
Seq_Frame0039_StylusToTrackerTransform = 0.4266943687002214 0.9041667861469975 0.02035530761568512 47.25 -0.8770843600015199 0.4082145663838169 0.2531479670722177 116.36 0.2205786507353869 -0.1258701339503616 0.9672134036597477 -394.89 0 0 0 1 
Seq_Frame0039_StylusToTrackerTransformStatus = OK
Seq_Frame0039_Timestamp = 199.3191285714366
Seq_Frame0039_ImageStatus = INVALID
Seq_Frame0040_ReferenceToTrackerTransform = 0.9999778358309198 -0.005597252843259817 -0.003605358167871376 60.6 -0.005603734062377132 -0.9999826967452578 -0.001790076713429796 137.85 -0.003595276271466663 0.001810240506239224 -0.9999918984761033 -296.55 0 0 0 1 
Seq_Frame0040_ReferenceToTrackerTransformStatus = OK
Seq_Frame0040_StylusToTrackerTransform = 0.4393121292935791 0.896045241471896 0.06409195184353021 48.99 -0.8737696489591643 0.4096400545597047 0.2621480998559803 113.35 0.2086419267868289 -0.1711664422014255 0.96289698070499 -394.31 0 0 0 1 
Seq_Frame0040_StylusToTrackerTransformStatus = OK
Seq_Frame0040_Timestamp = 199.3961857142946
Seq_Frame0040_ImageStatus = INVALID
Seq_Frame0041_ReferenceToTrackerTransform = 0.9999778358309198 -0.005597252843259817 -0.003605358167871376 60.62000000000001 -0.005603734062377132 -0.9999826967452578 -0.001790076713429796 137.87 -0.003595276271466663 0.001810240506239224 -0.9999918984761033 -296.6 0 0 0 1 
Seq_Frame0041_ReferenceToTrackerTransformStatus = OK
Seq_Frame0041_StylusToTrackerTransform = 0.4638143817468828 0.8792599614490916 0.1085271370547434 48.04 -0.8639393671218019 0.4217679751034142 0.2751736635551202 110.9 0.1961759139699305 -0.2213903687374589 0.9552493472430926 -391.5 0 0 0 1 
Seq_Frame0041_StylusToTrackerTransformStatus = OK
Seq_Frame0041_Timestamp = 199.4709857142905
Seq_Frame0041_ImageStatus = INVALID
Seq_Frame0042_ReferenceToTrackerTransform = 0.9999778358309198 -0.005597252843259817 -0.003605358167871376 60.63 -0.005603734062377132 -0.9999826967452578 -0.001790076713429796 137.86 -0.003595276271466663 0.001810240506239224 -0.9999918984761033 -296.59 0 0 0 1 
Seq_Frame0042_ReferenceToTrackerTransformStatus = OK
Seq_Frame0042_StylusToTrackerTransform = 0.4575524907259339 0.8802147711564771 0.1259669594316103 47.95 -0.8671997802307413 0.4104341945250416 0.2819721850330886 108.82 0.1964949347903103 -0.2382555951127507 0.9511172440867742 -389.11 0 0 0 1 
Seq_Frame0042_StylusToTrackerTransformStatus = OK
Seq_Frame0042_Timestamp = 199.5204857142908
Seq_Frame0042_ImageStatus = INVALID
Seq_Frame0043_ReferenceToTrackerTransform = 0.9999778358351318 -0.005596891711921586 -0.003605917587973956 60.64 -0.005604093065127868 -0.9999823166771267 -0.001990093958555752 137.86 -0.003594715482986407 0.002010257747533339 -0.9999915184062235 -296.6 0 0 0 1 
Seq_Frame0043_ReferenceToTrackerTransformStatus = OK
Seq_Frame0043_StylusToTrackerTransform = 0.4807673579491592 0.864714610830751 0.1453663968955962 46.56 -0.8579899520745306 0.4297203555226537 0.281413678041116 106.93 0.1808756193347511 -0.2600174183882824 0.948511967486422 -386.65 0 0 0 1 
Seq_Frame0043_StylusToTrackerTransformStatus = OK
Seq_Frame0043_Timestamp = 199.5952142857173
Seq_Frame0043_ImageStatus = INVALID
Seq_Frame0044_ReferenceToTrackerTransform = 0.9999778358397874 -0.005596530468768989 -0.003606476935720835 60.62000000000001 -0.005604451955632073 -0.9999818966019924 -0.002190111083850439 137.85 -0.003594154622822705 0.002210274868592835 -0.9999910983291566 -296.55 0 0 0 1 
Seq_Frame0044_ReferenceToTrackerTransformStatus = OK
Seq_Frame0044_StylusToTrackerTransform = 0.4949930187026793 0.8557079030682131 0.150817426255093 46.16 -0.8511738280370729 0.4426576985092352 0.2820589945653612 104.75 0.174599615979888 -0.2679890792123971 0.9474686419732145 -385.47 0 0 0 1 
Seq_Frame0044_StylusToTrackerTransformStatus = OK
Seq_Frame0044_Timestamp = 199.6701142857226
Seq_Frame0044_ImageStatus = INVALID
Seq_Frame0045_ReferenceToTrackerTransform = 0.9999770957093392 -0.005596308356444412 -0.003806493070346868 60.61 -0.005604669922816641 -0.9999818966086919 -0.002189550168433052 137.84 -0.003794170762008847 0.002210834155562362 -0.9999903581938006 -296.53 0 0 0 1 
Seq_Frame0045_ReferenceToTrackerTransformStatus = OK
Seq_Frame0045_StylusToTrackerTransform = 0.4971021418151712 0.853700536318888 0.1551929601870286 46.5 -0.8508455028362116 0.4445174080113996 0.2801181969780282 103.81 0.1701510825888683 -0.2712925879261543 0.9473378176923827 -384.23 0 0 0 1 
Seq_Frame0045_StylusToTrackerTransformStatus = OK
Seq_Frame0045_Timestamp = 199.7199000000068
Seq_Frame0045_ImageStatus = INVALID
Seq_Frame0046_ReferenceToTrackerTransform = 0.9999770957093392 -0.005596308356444412 -0.003806493070346868 60.6 -0.005604669922816641 -0.9999818966086919 -0.002189550168433052 137.84 -0.003794170762008847 0.002210834155562362 -0.9999903581938006 -296.54 0 0 0 1 
Seq_Frame0046_ReferenceToTrackerTransformStatus = OK
Seq_Frame0046_StylusToTrackerTransform = 0.4914755705822789 0.8556765686592516 0.1620782939457116 46.96 -0.8556765686592516 0.4398175344119578 0.2727235711692617 102.89 0.1620782939457116 -0.2727235711692617 0.948341963829679 -381.8 0 0 0 1 
Seq_Frame0046_StylusToTrackerTransformStatus = OK
Seq_Frame0046_Timestamp = 199.794842857154
Seq_Frame0046_ImageStatus = INVALID
Seq_Frame0047_ReferenceToTrackerTransform = 0.9999766956444162 -0.005796183306660015 -0.003607274199547896 60.6 -0.005804824921777882 -0.9999802963173817 -0.002389766647386397 137.82 -0.003593351597413557 0.002410650550587905 -0.999990638250289 -296.5 0 0 0 1 
Seq_Frame0047_ReferenceToTrackerTransformStatus = OK
Seq_Frame0047_StylusToTrackerTransform = 0.4931092997161295 0.854035036935632 0.1657328398954831 46.37 -0.8560729863018871 0.442435791133712 0.2671883471412163 101.39 0.1548620697835243 -0.2736324659287341 0.9492855276112255 -378.91 0 0 0 1 
Seq_Frame0047_StylusToTrackerTransformStatus = OK
Seq_Frame0047_Timestamp = 199.8699428571517
Seq_Frame0047_ImageStatus = INVALID
Seq_Frame0048_ReferenceToTrackerTransform = 0.999976695639055 -0.005796544707411098 -0.003606694920820533 60.6 -0.00580446618975809 -0.9999807563989449 -0.002189749767874063 137.82 -0.003593932532594825 0.002210633675879768 -0.9999910983342312 -296.52 0 0 0 1 
Seq_Frame0048_ReferenceToTrackerTransformStatus = OK
Seq_Frame0048_StylusToTrackerTransform = 0.4940549271072374 0.8533920281533183 0.1662280821204059 46.21 -0.8563497596395593 0.4446043098981757 0.2626634667882762 101.6 0.1502491869073884 -0.2721195581069706 0.9504610081057169 -378.36 0 0 0 1 
Seq_Frame0048_StylusToTrackerTransformStatus = OK
Seq_Frame0048_Timestamp = 199.9203428571508
Seq_Frame0048_ImageStatus = INVALID
Seq_Frame0049_ReferenceToTrackerTransform = 0.9999766956444162 -0.005796183306660015 -0.003607274199547896 60.6 -0.005804824921777882 -0.9999802963173817 -0.002389766647386397 137.8 -0.003593351597413557 0.002410650550587905 -0.999990638250289 -296.48 0 0 0 1 
Seq_Frame0049_ReferenceToTrackerTransformStatus = OK
Seq_Frame0049_StylusToTrackerTransform = 0.4926583970478584 0.8544379391582039 0.1649954906817641 46.43 -0.8572499558709605 0.443894790769044 0.2609213059283255 101.65 0.1497004241058483 -0.2699874494401325 0.9511553817160164 -377.74 0 0 0 1 
Seq_Frame0049_StylusToTrackerTransformStatus = OK
Seq_Frame0049_Timestamp = 199.9955714285798
Seq_Frame0049_ImageStatus = INVALID
Seq_Frame0050_ReferenceToTrackerTransform = 0.999977835844886 -0.005596169113823768 -0.003607036211078491 60.61 -0.005604810733868278 -0.9999814365199043 -0.002390128077310654 137.81 -0.003593593691009254 0.00241029185741451 -0.9999906382449517 -296.45 0 0 0 1 
Seq_Frame0050_ReferenceToTrackerTransformStatus = OK
Seq_Frame0050_StylusToTrackerTransform = 0.4968530724309882 0.8516643837491426 0.16674771923202 46.21 -0.8549388787177141 0.4473489400003747 0.2625993898268597 101.64 0.1490521320638691 -0.2730324217629374 0.9503876885742368 -378.02 0 0 0 1 
Seq_Frame0050_StylusToTrackerTransformStatus = OK
Seq_Frame0050_Timestamp = 200.0705428571515
Seq_Frame0050_ImageStatus = INVALID
Seq_Frame0051_ReferenceToTrackerTransform = 0.999977835844886 -0.005596169113823768 -0.003607036211078491 60.62000000000001 -0.005604810733868278 -0.9999814365199043 -0.002390128077310654 137.81 -0.003593593691009254 0.00241029185741451 -0.9999906382449517 -296.45 0 0 0 1 
Seq_Frame0051_ReferenceToTrackerTransformStatus = OK
Seq_Frame0051_StylusToTrackerTransform = 0.4980171644941677 0.8502232339610674 0.1705853343695565 45.85 -0.8545406371484289 0.4477293751216403 0.263246474079223 101.37 0.1474422033582876 -0.2768733629043607 0.9495272179263129 -377.9 0 0 0 1 
Seq_Frame0051_StylusToTrackerTransformStatus = OK
Seq_Frame0051_Timestamp = 200.1204428571472
Seq_Frame0051_ImageStatus = INVALID
Seq_Frame0052_ReferenceToTrackerTransform = 0.999977835844886 -0.005596169113823768 -0.003607036211078491 60.63 -0.005604810733868278 -0.9999814365199043 -0.002390128077310654 137.8 -0.003593593691009254 0.00241029185741451 -0.9999906382449517 -296.44 0 0 0 1 
Seq_Frame0052_ReferenceToTrackerTransformStatus = OK
Seq_Frame0052_StylusToTrackerTransform = 0.5044789113425341 0.8446814787608581 0.1789252007097426 45.21 -0.8511298364020115 0.451655146776884 0.2675549102076741 100.5 0.1451861894153045 -0.2872643866341972 0.9467841055777932 -377.56 0 0 0 1 
Seq_Frame0052_StylusToTrackerTransformStatus = OK
Seq_Frame0052_Timestamp = 200.1948285714407
Seq_Frame0052_ImageStatus = INVALID
Seq_Frame0053_ReferenceToTrackerTransform = 0.999977835844886 -0.005596169113823768 -0.003607036211078491 60.63 -0.005604810733868278 -0.9999814365199043 -0.002390128077310654 137.82 -0.003593593691009254 0.00241029185741451 -0.9999906382449517 -296.51 0 0 0 1 
Seq_Frame0053_ReferenceToTrackerTransformStatus = OK
Seq_Frame0053_StylusToTrackerTransform = 0.5101102710534812 0.8386418348539694 0.1909643532141838 44.25 -0.8477498586360225 0.4527286530642601 0.2763276024526406 99.13 0.1452848531277357 -0.3028475516285189 0.9419000328719942 -377.08 0 0 0 1 
Seq_Frame0053_StylusToTrackerTransformStatus = OK
Seq_Frame0053_Timestamp = 200.2692285714397
Seq_Frame0053_ImageStatus = INVALID
Seq_Frame0054_ReferenceToTrackerTransform = 0.9999778358351318 -0.005596891711921586 -0.003605917587973956 60.64 -0.005604093065127868 -0.9999823166771267 -0.001990093958555752 137.82 -0.003594715482986407 0.002010257747533339 -0.9999915184062235 -296.53 0 0 0 1 
Seq_Frame0054_ReferenceToTrackerTransformStatus = OK
Seq_Frame0054_StylusToTrackerTransform = 0.5162739997982444 0.8323449660664544 0.2016507242638989 43.41 -0.8439948571666246 0.4545092754144763 0.2847700820635771 97.75 0.1453748197199604 -0.3172115635124931 0.9371461923122497 -376.65 0 0 0 1 
Seq_Frame0054_StylusToTrackerTransformStatus = OK
Seq_Frame0054_Timestamp = 200.3190428571568
Seq_Frame0054_ImageStatus = INVALID
Seq_Frame0055_ReferenceToTrackerTransform = 0.9999778358309198 -0.005597252843259817 -0.003605358167871376 60.64 -0.005603734062377132 -0.9999826967452578 -0.001790076713429796 137.84 -0.003595276271466663 0.001810240506239224 -0.9999918984761033 -296.6 0 0 0 1 
Seq_Frame0055_ReferenceToTrackerTransformStatus = OK
Seq_Frame0055_StylusToTrackerTransform = 0.5467887803104321 0.7961986096809485 0.2590169949419432 38.85 -0.8249213970908897 0.4593604793187806 0.3293822075668852 91.08 0.1432714847701544 -0.3937711568692465 0.9079744256693635 -374.22 0 0 0 1 
Seq_Frame0055_StylusToTrackerTransformStatus = OK
Seq_Frame0055_Timestamp = 200.3944000000072
Seq_Frame0055_ImageStatus = INVALID
Seq_Frame0056_ReferenceToTrackerTransform = 0.9999785359591797 -0.00559709370886163 -0.003405901194958963 60.65 -0.005603894989270679 -0.9999823166709364 -0.001990654760665243 137.85 -0.00339469908604994 0.002009698345810582 -0.9999922185350614 -296.63 0 0 0 1 
Seq_Frame0056_ReferenceToTrackerTransformStatus = OK
Seq_Frame0056_StylusToTrackerTransform = 0.5638637963924038 0.7749247400144371 0.2855683218277248 36.88 -0.8172067422632772 0.4735874016305005 0.3284632603752096 83.71000000000001 0.1192927471281789 -0.4185768989450184 0.9003125124934032 -373.09 0 0 0 1 
Seq_Frame0056_StylusToTrackerTransformStatus = OK
Seq_Frame0056_Timestamp = 200.470014285722
Seq_Frame0056_ImageStatus = INVALID
